eSNP	BP_Mb	GWAS_P	EQTL_P	SNP.PP.H4
12_79542239_T_C	79.512583	0.8038	0.000995	0.0718943687303449
12_79465804_A_T	79.573796	0.4097	0.9721	0.0568788040158722
12_79475258_A_G	79.481634	0.7778	0.001073	0.0452145748023957
12_79474795_A_C	79.475258	0.6453	0.0001601	0.0449616241447987
12_79579500_A_G	79.54836	0.5364	0.03119	0.0431808046277048
12_79605512_T_C	79.42834	0.6199	0.1067	0.0320213423360028
12_79600377_A_C	79.426696	0.6217	0.1067	0.0267474849609692
12_79478847_C_G	79.574451	0.4226	0.9721	0.0252444167172491
12_79542078_A_G	79.525109	0.4636	0.2199	0.0209898594878359
12_79526413_A_G	79.538633	0.1274	0.7001	0.019378795596183
12_79574537_T_C	79.522851	0.84	0.001015	0.0183355289979582
12_79515706_T_G	79.471595	0.6869	0.07519	0.0183028488031195
12_79496952_T_G	79.535708	0.1959	0.04078	0.0172637206282149
12_79514157_A_G	79.488561	0.447	0.2165	0.0169729236367511
12_79514386_T_G	79.488769	0.4419	0.2909	0.0169688611430696
12_79497400_A_C	79.542078	0.154	0.001438	0.0169663444995531
12_79519027_A_G	79.580613	0.9172	0.7417	0.0169544005959572
12_79501141_A_G	79.548765	0.1751	0.05457	0.0169496136654558
12_79485668_A_T	79.437437	0.0843	0.9663	0.0169417588480962
12_79495875_A_G	79.510815	0.8327	0.0009161	0.0169230691253583
12_79520178_T_C	79.581888	0.9064	0.7326	0.0161814789249064
12_79520186_A_T	79.559665	0.4294	0.006715	0.0161652021557224
12_79517946_T_C	79.612479	0.4272	0.8945	0.016128408137531
12_79517309_T_C	79.597425	0.9335	0.7087	0.016108425910422
12_79522129_T_C	79.611536	0.4026	0.974	0.0150147471708819
12_79523623_A_G	79.484134	0.8118	0.0392	0.0146172576404351
12_79523529_A_G	79.60444	0.07807	0.6359	0.0129544318310276
12_79524748_A_G	79.575645	0.4535	0.9721	0.0129298683148877
12_79520099_A_G	79.519746	0.4359	0.2632	0.0128882544759909
12_79508771_C_G	79.425223	0.2295	0.5843	0.0107990955709782
12_79510815_T_G	79.430875	0.07344	0.9327	0.0107536087449776
12_79482386_T_G	79.586099	0.9097	0.7326	0.0106842964885671
12_79512583_A_G	79.474448	0.4495	0.2749	0.0101786906853817
12_79515165_A_G	79.50263	0.3935	0.2592	0.0100040159425116
12_79516688_T_C	79.446676	0.6607	0.02357	0.0100009983669511
12_79518644_C_G	79.584218	0.01289	0.2672	0.00995219248903977
12_79522851_T_C	79.568343	0.4768	0.2693	0.00992406215777642
12_79481297_T_C	79.454812	0.119	0.7462	0.0097689725877887
12_79481634_A_G	79.438048	0.08282	0.7764	0.00969381076349151
12_79566981_T_G	79.465533	0.6124	0.5206	0.00921066253135369
12_79505136_T_C	79.474795	0.6542	0.0001601	0.00800622469979641
12_79563515_T_G	79.432174	0.2789	0.7312	0.00784228176879722
12_79481610_A_G	79.533401	0.248	0.7042	0.00759785940583975
12_79529704_A_G	79.514157	0.9299	0.0004958	0.00618522125981797
12_79534106_T_G	79.538286	0.2111	0.04078	0.00598588747449929
12_79461274_A_G	79.4974	0.9335	0.0004958	0.00596013512232513
12_79526026_T_C	79.523623	0.9069	0.0006057	0.00556829870851662
12_79566387_A_G	79.453647	0.2705	0.6262	0.00533968426808204
12_79567522_T_C	79.526413	0.9184	0.0004173	0.00521527911999194
12_79604440_T_G	79.51733	0.4393	0.3118	0.00476743407984141
12_79565411_A_G	79.453006	0.2607	0.6262	0.00436450493852058
12_79553176_T_C	79.561872	0.3856	0.006715	0.00407450299826744
12_79561872_A_G	79.605512	0.6586	0.0001544	0.0040121568843978
12_79559665_A_G	79.567522	0.2582	0.006715	0.00376279472636925
12_79557427_T_G	79.566387	0.2504	0.006715	0.00375167432527859
12_79523379_A_C	79.447152	0.07414	0.97	0.00365440534481674
12_79543414_T_C	79.514386	0.9321	0.0004958	0.00229794607225334
12_79544901_A_G	79.515706	0.82	0.0004622	0.00224447195849361
12_79546722_T_C	79.517946	0.8275	0.0005442	0.0022016652935526
12_79546876_A_C	79.539071	0.1885	0.04078	0.00216411196425292
12_79584218_A_G	79.494229	0.4299	0.2165	0.00202604279835458
12_79539889_A_G	79.497666	0.3918	0.2909	0.00199769963049602
12_79539071_T_C	79.515165	0.8103	0.001015	0.00199475270027446
12_79535708_C_G	79.475773	0.7416	0.07745	0.00193916575947032
12_79529279_A_G	79.566981	0.112	0.007236	0.00193422775834929
12_79592680_T_C	79.424014	0.2031	0.9782	0.00193342073668562
12_79581730_A_G	79.46216	0.667	0.07519	0.0018653521663304
12_79548621_A_G	79.542239	0.8185	3.512e-05	0.00184957943651822
12_79538286_T_C	79.600377	0.007788	0.3483	0.00183209905449676
12_79602576_C_G	79.49104	0.4044	0.2909	0.00181264424843003
12_79548765_A_G	79.546722	0.1602	0.04203	0.00175018872885183
12_79529650_T_C	79.516688	0.9117	0.0009871	0.00169128709609914
12_79452949_A_T	79.574537	0.01154	0.5526	0.00163893310694621
12_79446676_T_C	79.520186	0.8196	0.0005442	0.00159621594945454
12_79532492_T_C	79.465804	0.5682	0.0001285	0.00157088592172698
12_79533626_C_G	79.5795	0.004649	0.4791	0.00156761841753869
12_79564631_T_C	79.450939	0.07068	0.97	0.00148399689180063
12_79534793_A_G	79.565411	0.3373	0.006715	0.00145607903972812
12_79548360_T_C	79.539889	0.1886	0.04078	0.00145438045791638
12_79495965_A_T	79.534793	0.1932	0.06574	0.00132251693711343
12_79502630_A_C	79.557427	0.4316	0.006715	0.00126960075190059
12_79461083_T_C	79.533626	0.2088	0.05308	0.0012654392543713
12_79488323_A_G	79.441828	0.07227	0.2847	0.00125824262499362
12_79494229_C_G	79.485668	0.9492	0.0004958	0.00125367097547345
12_79513634_A_G	79.482809	0.4464	0.2449	0.00125252671169802
12_79533401_T_C	79.518644	0.8294	0.001015	0.00124852286304135
12_79497666_A_G	79.543414	0.1514	0.04203	0.00124228273782723
12_79488222_A_G	79.481756	0.8757	0.0392	0.00123604091372408
12_79481302_T_C	79.450402	0.07198	0.97	0.00123403064254633
12_79471595_A_G	79.523529	0.906	0.0007101	0.00123344645339873
12_79464069_T_C	79.422536	0.09118	0.5239	0.00123249444740435
12_79441828_A_G	79.616265	0.4456	0.8725	0.00123156013197533
12_79488561_C_G	79.443825	0.08749	0.2576	0.00122616985473855
12_79475227_T_C	79.48161	0.7716	0.00148	0.00122575253559225
12_79462160_C_G	79.532492	0.2082	0.05308	0.00122559983555028
12_79491040_A_G	79.440014	0.09322	0.3721	0.00121906529998106
12_79461918_A_G	79.496952	0.8381	0.0004958	0.00121836362813225
12_79464486_T_C	79.430327	0.07934	0.4832	0.00121624925698356
12_79503598_T_G	79.461083	0.6124	0.07745	0.00121168843704144
12_79471682_A_G	79.524748	0.9207	0.0007101	0.00120927711494881
12_79510944_A_G	79.461918	0.6773	0.07519	0.00120825856407138
12_79491756_A_G	79.440135	0.08002	0.9419	0.00120748522598427
12_79490847_T_C	79.589376	0.7981	0.7102	0.00120559229664506
12_79525109_C_G	79.613486	0.4027	0.9329	0.00119736966227374
12_79480048_A_C	79.445453	0.6213	0.4968	0.00119512513005602
12_79519746_T_C	79.522129	0.9311	0.0005823	0.001191914080168
12_79475773_A_G	79.572539	0.4864	0.6139	0.0011912743540403
12_79474448_A_G	79.448229	0.07449	0.97	0.00117234806616614
12_79488769_T_C	79.578446	0.4414	0.901	0.00115802450580555
12_79482809_A_G	79.586273	0.9143	0.7326	0.00115582167674726
12_79490024_C_G	79.588427	0.4354	0.9772	0.00115565938357895
12_79517330_A_G	79.605896	0.7958	0.6127	0.00114543244135141
12_79511110_A_G	79.464069	0.6576	0.07519	0.00114296922925964
12_79486799_A_G	79.461274	0.1151	0.01698	0.00112741889997264
12_79454206_T_C	79.564631	0.6154	0.03439	0.00112334808033557
12_79486100_T_G	79.454206	0.3325	0.8442	0.00112210769518451
12_79443825_T_G	79.520099	0.8161	0.0007282	0.000904938703161628
12_79428340_T_C	79.585466	0.9008	0.7417	0.000805468360284858
12_79426696_T_C	79.584903	0.4718	0.9772	0.00080445686755395
12_79460290_T_G	79.471682	0.6712	0.07745	0.000778738940468826
12_79441257_C_G	79.614681	0.4198	0.9329	0.000749837751670051
12_79567876_T_C	79.57502	0.4452	0.9721	0.000717305166920142
12_79430327_A_G	79.552449	0.2222	0.6633	0.000708246846799947
12_79440014_T_G	79.534106	0.07762	0.02043	0.000706894382017996
12_79484134_A_G	79.586336	0.4795	0.9772	0.000628879738757534
12_79481756_A_G	79.452949	0.6208	0.02357	0.000618365823784099
12_79443453_C_G	79.505136	0.904	0.001321	0.000596334402880771
12_79443342_A_G	79.450666	0.07918	0.97	0.000592394522723781
12_79445453_A_C	79.520178	0.8162	0.0005442	0.000584816504699766
12_79572108_A_G	79.615055	0.4018	0.9329	0.000566949772008021
12_79450939_A_C	79.464486	0.6804	0.07519	0.00052572132551756
12_79450402_A_G	79.605693	0.4494	0.9329	0.000517646738061154
12_79424014_C_G	79.503598	0.426	0.2592	0.000517062937223504
12_79422536_A_G	79.495875	0.9657	0.0004958	0.000509534001573093
12_79430875_A_G	79.605571	0.3105	0.2868	0.000509313335358264
12_79447152_A_G	79.529279	0.1568	0.05308	0.000506689546557148
12_79448229_A_G	79.529704	0.07456	0.02043	0.000503625361513288
12_79438048_C_G	79.460171	0.9007	0.9185	0.000481934886674999
12_79465533_T_C	79.573808	0.3963	0.9721	0.00048056863321491
12_79422349_A_G	79.481297	0.7988	0.001052	0.000479260225786296
12_79450666_A_G	79.616464	0.4089	0.9329	0.000479194011977653
12_79440135_T_C	79.605704	0.4117	0.9419	0.000475093243229638
12_79437437_A_G	79.443453	0.06768	0.6528	0.000465657673384318
12_79425223_T_C	79.52965	0.1538	0.06743	0.000459696142794045
12_79468235_A_G	79.478847	0.8518	0.0002999	0.000446466394917966
12_79453006_T_C	79.455787	0.115	0.7634	0.000426246095376974
12_79453647_A_G	79.46029	0.8454	0.0897	0.00041557213018594
12_79432174_A_G	79.443342	0.06522	0.7313	0.000390305260253463
12_79455787_T_C	79.475227	0.6987	0.07519	0.000367688923807129
12_79455920_T_C	79.482386	0.7772	0.0009453	0.000365103071109947
12_79454812_T_C	79.58173	0.3279	0.05267	0.000360090893829405
12_79609654_A_C	79.501141	0.9437	0.0004958	0.000309874621466231
12_79458291_A_G	79.519027	0.9406	0.0004958	0.000283074655698412
12_79608823_T_G	79.490847	0.4121	0.2909	0.00026876725858551
12_79556079_T_C	79.563515	0.1376	0.007236	0.000194307845820228
12_79538633_A_G	79.486799	0.4636	0.2909	0.000185117003311529
12_79605571_T_C	79.422349	0.2463	0.9945	0.000156546502515364
12_79568343_A_G	79.59268	0.01358	0.2672	0.000126864826784106
12_79552449_A_G	79.553176	0.3756	0.006715	0.000126143691041715
12_79578860_C_G	79.458291	0.4168	0.1628	0.000126061280752765
12_79460171_A_T	79.508771	0.8178	0.0009161	8.77437688526781e-05
12_79572539_A_G	79.615596	0.4184	0.9329	8.66633608767199e-05
12_79573808_A_T	79.468235	0.4145	0.7203	8.65830470450031e-05
12_79615055_T_G	79.517309	0.832	0.0005442	8.62343133303479e-05
12_79618807_T_C	79.588047	0.471	0.9772	8.61223525371309e-05
12_79613486_C_G	79.45592	0.1162	0.7634	8.61187415162751e-05
12_79611536_T_C	79.618807	0.41	0.8725	8.58822767114481e-05
12_79616464_A_G	79.556079	0.1135	0.9267	8.53214997339583e-05
12_79573796_T_C	79.490024	0.4435	0.2909	8.49211535042186e-05
12_79605704_A_G	79.510944	0.4281	0.2592	8.48930575201581e-05
12_79616079_A_G	79.441257	0.2002	0.3363	8.44317698463141e-05
12_79615596_T_G	79.546876	0.1639	0.04203	8.41699330237663e-05
12_79614681_C_G	79.544901	0.1563	0.04203	8.40047923762191e-05
12_79612479_C_G	79.526026	0.9387	0.00214	8.37560614670405e-05
12_79574451_A_T	79.601393	0.8431	0.636	8.35617734356821e-05
12_79616265_A_G	79.609654	0.4817	0.1963	8.20479720035637e-05
12_79578446_C_G	79.602576	0.09156	0.7502	8.17730966187654e-05
12_79588427_C_G	79.488323	0.4078	0.2449	8.16867886227593e-05
12_79575020_A_G	79.608823	0.1555	0.4841	8.10695101788171e-05
12_79605693_C_G	79.495965	0.3925	0.2165	8.07501943685471e-05
12_79575645_A_T	79.616079	0.4162	0.9329	8.02105953231161e-05
12_79588047_T_G	79.567876	0.242	0.1505	7.86475726055172e-05
12_79584903_T_C	79.51111	0.4727	0.2592	7.8460689377929e-05
12_79586336_T_C	79.488222	0.4407	0.2165	7.77675307512815e-05
12_79605896_A_G	79.523379	0.2816	0.01163	7.16040311034142e-05
12_79601393_A_G	79.572108	0.1831	0.9686	6.96116656159525e-05
12_79589376_T_C	79.548621	0.1628	0.05457	6.76735385676591e-05
12_79597425_T_G	79.480048	0.7598	0.07519	6.5731691133457e-05
12_79581888_T_C	79.4861	0.4676	0.2909	6.54067730401935e-05
12_79586099_T_C	79.513634	0.428	0.2199	6.53504058730379e-05
12_79586273_T_C	79.481302	0.3548	0.1274	6.5296103419696e-05
12_79585466_A_G	79.491756	0.411	0.2909	6.51871343576173e-05
12_79580613_A_G	79.57886	0.3531	0.3609	6.50332364402094e-05
