eSNP	BP_Mb	GWAS_P	EQTL_P	SNP.PP.H4
1_109897103_A_G	109.966718	0.03232	1.99e-15	0.0585443038749335
1_109872882_A_T	109.935775	0.03408	1.99e-15	0.0394914815519086
1_109877506_A_G	109.884775	0.03862	2.272e-15	0.0361211621790399
1_109958035_T_C	109.800627	0.1304	0.06674	0.0332894234483559
1_109951711_T_C	109.844532	0.05892	1.236e-14	0.0331303201313619
1_109944078_T_C	109.821511	0.9149	0.4102	0.0322807847593987
1_109946882_T_C	109.819766	0.1654	0.2095	0.032027733546407
1_109873367_A_G	109.946882	0.03591	1.177e-15	0.0317352077533628
1_109954355_C_G	109.800131	0.1181	0.07353	0.0302376689478227
1_109949008_A_G	109.836842	0.05108	0.9561	0.0298490580370261
1_109866230_T_C	109.964605	0.09646	0.1116	0.0266473418742932
1_109867892_A_G	109.836462	0.05419	0.9194	0.0260680267612228
1_109886310_T_G	109.965986	0.03565	1.99e-15	0.0258807325983351
1_109848726_A_T	109.927624	0.9865	0.1609	0.0255734002137933
1_109914983_A_G	109.851127	0.0356	2.272e-15	0.0255360417687257
1_109901215_T_C	109.81351	0.6147	0.3347	0.0249255849458268
1_109896600_A_C	109.860144	0.03687	2.272e-15	0.0232111132721952
1_109966718_A_C	109.804883	0.7709	0.1261	0.0220465005293373
1_109974450_A_C	109.941991	0.7061	0.9919	0.0214407765301582
1_109935775_A_C	109.833976	0.3734	0.7783	0.0210346219102485
1_109935578_T_C	109.967087	0.09738	0.1116	0.0210307114542479
1_109935427_A_G	109.946095	0.04374	6.596e-15	0.0209506293233982
1_109937426_T_C	109.841662	0.07457	4.121e-13	0.0205633819353815
1_109965986_A_G	109.815368	0.08344	0.1228	0.0203485588665329
1_109930498_A_G	109.879949	0.03526	2.272e-15	0.0202920990787643
1_109950858_T_C	109.799244	0.1174	0.07353	0.0198691975093985
1_109926828_T_C	109.979617	0.02561	5.72e-15	0.0193379950997273
1_109969721_A_G	109.84176	0.06168	1.207e-12	0.0185535687010308
1_109879949_A_G	109.970153	0.02987	0.01059	0.0181773588511736
1_109851127_A_G	109.971133	0.7504	0.4337	0.0180875758895234
1_109860144_T_C	109.857815	0.111	6.071e-05	0.01752005052106
1_109870859_C_G	109.901215	0.04224	1.347e-15	0.0174555982651864
1_109858119_T_C	109.956851	0.01322	0.2956	0.0174254544486537
1_109884775_T_G	109.858119	0.03707	2.272e-15	0.0168563059536671
1_109904971_A_T	109.795026	0.5686	0.04557	0.0167495620489256
1_109871787_T_C	109.9917	0.02373	1.348e-13	0.0165015531482624
1_109864269_T_C	109.912051	0.583	0.1576	0.0162245878145413
1_109900707_C_G	109.949008	0.03903	1.177e-15	0.0159220322389958
1_109918766_T_C	109.8966	0.03048	1.99e-15	0.0126942044015779
1_109979526_T_C	109.823962	0.5077	0.4356	0.0120808715078408
1_109985439_A_G	109.894693	0.03833	0.01083	0.0113276229125535
1_109979617_A_G	109.944078	0.03558	1.177e-15	0.0107386986897724
1_109946095_A_C	109.815252	0.3184	0.07674	0.00648399614593901
1_109849254_A_G	109.91559	0.1291	0.1116	0.00491782105765837
1_109849144_T_C	109.991601	0.3714	0.2888	0.00483141019521474
1_109844532_A_G	109.978795	0.281	0.345	0.00262984247106419
1_109961935_A_G	109.817838	0.7677	0.3125	0.000972986771410298
1_109880721_T_C	109.915363	0.03626	0.003283	0.000868183846314049
1_109991700_A_G	109.798995	0.7799	0.4968	0.000720767417885023
1_109973387_A_G	109.828513	0.0904	0.648	0.000620017091905437
1_109841662_A_T	109.958035	0.03432	1.177e-15	9.3762543724707e-05
1_109841760_A_G	109.945319	0.2521	0.4423	4.2051260657148e-05
1_109841659_T_C	109.938443	0.3454	0.638	4.02571847117462e-05
1_109950607_A_G	109.799394	0.117	0.07353	6.41771798075023e-10
1_109882568_C_G	109.829937	0.06681	0.1881	7.00016334734291e-11
1_109857815_A_C	109.83494	0.4197	0.7783	3.88800929419174e-12
1_109915363_T_C	109.794252	0.5778	0.04557	5.53456778115278e-13
1_109861799_T_G	109.835757	0.06141	0.4705	4.0590967188739e-13
1_109855020_A_G	109.820919	0.06131	0.1749	3.61304358850955e-13
1_109970153_T_G	109.841659	0.06513	1.207e-12	2.61649702285991e-13
1_109956851_A_C	109.832283	0.1045	0.5582	2.51270131721645e-13
1_109894693_T_C	109.86623	0.03883	1.347e-15	2.08076574037122e-13
1_109968410_A_C	109.827253	0.5198	0.3271	1.46281571884966e-13
1_109984491_A_G	109.817192	0.9314	0.2937	1.21912375418729e-13
1_109963318_T_C	109.807283	0.9754	0.9264	7.38250743295371e-14
1_109974555_A_G	109.8971	0.1158	0.09691	7.08980163565097e-14
1_109834039_A_G	109.918766	0.03772	3.311e-15	5.83783455850333e-14
1_109861080_C_G	109.955569	0.0967	0.1116	5.45570520551626e-14
1_109820919_T_G	109.950607	0.4617	4.608e-08	4.75792488034744e-14
1_109815368_T_C	109.984491	0.6709	0.0008905	4.44882012730628e-14
1_109815746_A_G	109.883813	0.1105	0.1116	4.23963650092892e-14
1_109887191_T_C	109.935427	0.03424	1.99e-15	3.96573877490109e-14
1_109913064_T_C	109.849254	0.04065	8.691e-15	3.76126121989039e-14
1_109964605_T_C	109.815746	0.08858	0.1228	3.47413538002071e-14
1_109955569_T_C	109.800386	0.1109	0.874	3.45733242335736e-14
1_109967087_T_C	109.870859	0.03703	2.272e-15	3.43805387092929e-14
1_109937372_T_C	109.837423	0.8226	0.05468	3.33805557740749e-14
1_109897100_T_C	109.904971	0.03891	2.272e-15	3.24398316619174e-14
1_109916336_C_G	109.979526	0.02227	5.72e-15	3.23933095221986e-14
1_109989224_C_G	109.961935	0.1598	1.112e-14	3.15589251868919e-14
1_109894781_T_G	109.96841	0.6983	0.000925	3.13478378987935e-14
1_109922316_T_C	109.969721	0.02039	3.818e-15	3.12352840181985e-14
1_109883813_T_C	109.974555	0.1186	0.01412	3.11014890307289e-14
1_109799394_T_G	109.926828	0.03765	1.99e-15	2.80644215625558e-14
1_109799244_T_C	109.914983	0.0402	1.364e-15	2.79894178763571e-14
1_109797763_T_C	109.877506	0.03513	1.048e-15	2.79875546397528e-14
1_109800131_A_G	109.930498	0.0462	1.555e-15	2.78593164816025e-14
1_109800627_A_T	109.950858	0.03647	1.99e-15	2.75409561996693e-14
1_109915590_T_C	109.855752	0.4268	0.9919	2.74871562224919e-14
1_109945166_A_G	109.839392	0.4699	0.6308	2.73604208073357e-14
1_109978795_A_T	109.85502	0.008737	0.07755	2.4484133076672e-14
1_109806313_T_C	109.954355	0.03844	1.177e-15	2.20210517800408e-14
1_109855752_A_G	109.834039	0.0732	0.523	2.20023189991527e-14
1_109945319_T_G	109.801928	0.1653	0.07353	2.16255314906072e-14
1_109801928_T_C	109.880721	0.1511	1.332e-14	2.16150518149663e-14
1_109795608_T_C	109.871787	0.0396	2.272e-15	2.08334134622501e-14
1_109795026_T_C	109.872882	0.03165	1.048e-15	2.06854744750214e-14
1_109794252_T_C	109.900707	0.04164	2.272e-15	2.05291223158653e-14
1_109896806_T_C	109.864269	0.04036	2.272e-15	2.00838539043041e-14
1_109966814_A_G	109.797763	0.7066	0.02088	1.83477349674268e-14
1_109838264_A_G	109.927249	0.7299	0.4337	1.76076742181419e-14
1_109833795_T_C	109.894781	0.1094	0.1116	1.65835273788211e-14
1_109833976_A_G	109.93199	0.3322	0.2152	1.65453210765132e-14
1_109834940_A_C	109.867892	0.03981	1.347e-15	1.54274419418161e-14
1_109941991_A_T	109.833795	0.372	0.7783	1.48963903587199e-14
1_109938443_T_C	109.835387	0.1782	0.6243	1.44308547279485e-14
1_109991601_C_G	109.937372	0.1013	0.1116	1.42594276071833e-14
1_109939665_C_G	109.82959	0.2658	0.4502	1.28095190577862e-14
1_109884936_T_G	109.836835	0.05823	0.4428	1.2792488450019e-14
1_109955154_A_G	109.806313	0.1696	0.06927	1.27841140668212e-14
1_109927624_T_C	109.873367	0.0317	1.347e-15	1.27801825102625e-14
1_109927249_T_G	109.985439	0.02546	5.324e-15	1.26672774083015e-14
1_109971133_C_G	109.83631	0.1616	0.6102	1.23867760911735e-14
1_109829937_T_G	109.908309	0.3023	0.9009	1.23393736364474e-14
1_109837423_A_C	109.822509	0.1518	0.2027	1.17670060888286e-14
1_109822509_T_C	109.922316	0.1099	0.1116	1.1658188154563e-14
1_109819766_T_C	109.896806	0.2156	0.4531	1.09263057907082e-14
1_109931990_T_C	109.887191	0.891	0.004034	1.01949460292229e-14
1_109938536_A_G	109.848726	0.04072	1.347e-15	1.01270989355794e-14
1_109908309_A_C	109.849144	0.04151	8.691e-15	9.979714946712e-15
1_109798995_A_G	109.951711	0.03453	1.177e-15	9.42647527028926e-15
1_109836835_A_G	109.916336	0.09896	0.4227	8.20547812439318e-15
1_109912051_A_G	109.795608	0.5592	0.04557	7.84957758096949e-15
1_109835757_T_C	109.838264	0.6367	0.0356	7.62724649978495e-15
1_109815252_A_G	109.861799	0.01152	0.07722	6.89931362156458e-15
1_109823962_T_C	109.820884	0.8835	0.2158	6.81543565915529e-15
1_109800386_A_T	109.935578	0.03412	1.99e-15	6.53178056912717e-15
1_109804883_C_G	109.88631	0.04015	1.347e-15	6.33589351803558e-15
1_109836842_C_G	109.913064	0.4196	0.02263	6.3113464592094e-15
1_109836462_A_G	109.937426	0.03503	1.99e-15	6.0324256965339e-15
1_109828513_A_T	109.86108	0.1038	0.04591	4.85999470886449e-15
1_109820884_A_G	109.973387	0.1487	1.986e-14	4.6124619777203e-15
1_109832283_A_G	109.989224	0.08038	0.1664	3.88476515325212e-15
1_109839392_A_G	109.966814	0.3555	0.2922	3.336306043485e-15
1_109827253_A_G	109.938536	0.2964	0.6365	2.89292374199504e-15
1_109836310_C_G	109.963318	0.1135	0.01412	2.67336890728421e-15
1_109835387_T_G	109.97445	0.02192	3.012e-15	2.46342312132462e-15
1_109813510_A_T	109.882568	0.2905	6.305e-07	2.26375550308059e-15
1_109829590_T_C	109.939665	0.9963	0.1609	2.15301501629247e-15
1_109817838_T_C	109.945166	0.1271	0.9609	2.11329335488997e-15
1_109817192_A_G	109.884936	0.9624	0.1609	2.0607238419512e-15
1_109807283_A_T	109.897103	0.03483	6.123e-16	1.89601363060999e-15
1_109821511_T_G	109.955154	0.976	0.1609	1.73653779807107e-15
