eSNP	BP_Mb	GWAS_P	EQTL_P	SNP.PP.H4
5_145550044_A_G	145.456724	0.1703	0.001678	0.0537985610012727
5_145623021_T_C	145.577491	0.289	0.01473	0.0402057579342425
5_145612822_A_G	145.432518	0.7383	3.974e-05	0.0390700080498498
5_145603279_T_G	145.579186	1.039e-05	0.3981	0.0374600132210415
5_145563463_A_T	145.453274	0.1627	0.001137	0.0365730362465531
5_145600206_A_G	145.547839	9.493e-06	0.463	0.0365722759677427
5_145565057_C_G	145.453932	0.2292	0.001886	0.0364312546289135
5_145532226_C_G	145.473858	0.1754	0.0009702	0.0360532043265823
5_145536034_A_G	145.521133	0.1892	0.00116	0.0356036931559324
5_145522926_A_C	145.45067	0.4094	0.009313	0.035085486517565
5_145592802_A_G	145.431924	0.5381	0.4853	0.0343850697137099
5_145524824_T_G	145.511343	0.1773	0.00116	0.0338612973239992
5_145607534_A_T	145.467826	0.7695	0.5214	0.0325758320696112
5_145547839_T_C	145.591137	0.2519	0.008649	0.0323080495693143
5_145492947_T_C	145.523336	0.8814	0.974	0.0319374009327217
5_145549968_T_C	145.456435	0.1912	0.001678	0.0317344123218396
5_145579186_A_G	145.571995	0.279	0.007385	0.0309045763996014
5_145512157_T_C	145.461596	0.1596	0.001982	0.0302968955393049
5_145579236_T_C	145.587065	0.2223	0.00204	0.0298377054091668
5_145509728_A_C	145.504426	0.19	0.00116	0.0295826442183857
5_145540375_A_G	145.541415	0.451	0.006803	0.0275449861608359
5_145484785_A_C	145.477029	0.1824	0.001034	0.0259233157256221
5_145495088_C_G	145.436464	0.7142	0.2282	0.0247965947076952
5_145541145_A_G	145.467326	0.1809	0.00286	0.0247166220218991
5_145542005_T_C	145.453377	0.8977	0.004315	0.0233271138926152
5_145490378_A_C	145.592802	1.014e-05	0.3569	0.0229924504070411
5_145492906_T_C	145.534479	0.187	0.00116	0.0225190561640679
5_145601898_T_C	145.495088	1.178e-05	0.5094	0.0221173113907019
5_145507901_T_C	145.532927	0.1863	0.00116	0.0209353168204187
5_145507741_T_C	145.510176	0.1831	0.00116	0.0207254240270935
5_145516246_T_C	145.583623	0.1502	0.005539	0.0190882652043394
5_145620060_T_C	145.424966	0.01779	0.1455	0.00439682723879686
5_145512975_T_C	145.583025	0.2861	0.01473	0.00235893637438816
5_145492835_T_C	145.553996	0.2337	0.8571	0.00195017647537573
5_145492847_C_G	145.622453	0.3969	0.5033	0.00194209065277583
5_145425928_A_G	145.4814	0.1809	0.0009817	0.00166425627612726
5_145432518_A_G	145.516246	1.544e-05	0.5094	0.00110513778744357
5_145433217_T_C	145.484785	1.147e-05	0.5094	0.00109774728253178
5_145436840_T_C	145.512975	0.0003093	0.2483	0.00106382101054426
5_145434715_T_G	145.466813	0.2784	0.8281	0.00102338800069388
5_145434432_T_C	145.607472	0.527	0.5639	0.000997886929151678
5_145425417_T_G	145.425935	0.6987	6.803e-05	0.000939593337456573
5_145426248_T_C	145.525148	0.2697	0.003678	0.000922465239199002
5_145428027_A_G	145.513407	0.1859	0.00116	0.000863439898988615
5_145425935_T_C	145.618132	0.215	0.001996	0.000707734030121474
5_145446982_A_T	145.491421	0.04739	0.5584	0.000619001955534148
5_145562351_A_G	145.608295	0.2128	0.002281	0.000218868913913645
5_145544647_T_C	145.544674	0.1774	0.0008101	0.00020962152999746
5_145544674_A_G	145.484741	0.1813	0.0009817	0.00020933114580349
5_145544566_T_C	145.510806	0.1815	0.00116	0.000199752828632483
5_145486996_A_G	145.594215	0.2359	0.009371	0.000194405929398766
5_145477855_T_C	145.598013	0.2091	0.002281	0.000193059871325005
5_145544646_A_C	145.544566	0.1879	0.0008101	0.000189636557804272
5_145473858_T_C	145.572664	0.2622	0.008016	0.00018083182815935
5_145478643_A_C	145.592294	0.2057	0.002281	0.000176154923361423
5_145481400_A_G	145.622437	0.1954	0.002281	0.000174996590996265
5_145484741_T_G	145.536642	0.1876	0.00116	0.000174710042151171
5_145484896_T_C	145.463595	0.1865	0.001871	0.000173085410633476
5_145481742_T_C	145.622472	0.1974	0.002546	0.000172838654454052
5_145487105_T_C	145.517714	0.1894	0.00116	0.000171840685283423
5_145453274_T_C	145.551987	0.207	0.00116	0.000167785384343499
5_145483844_A_T	145.505484	0.1852	0.00116	0.000166702010920174
5_145477029_A_G	145.507827	0.188	0.00116	0.000166588929461948
5_145555174_A_G	145.487667	0.1837	0.001553	0.000164370100517626
5_145453573_T_C	145.513085	0.1859	0.00116	0.000164275405220207
5_145559423_T_C	145.505085	0.1883	0.00116	0.000163536544898629
5_145451282_T_C	145.446982	0.6645	8.122e-05	0.000162557860019177
5_145513517_A_C	145.54846	0.2744	0.003678	0.000161378393166379
5_145559592_T_C	145.566316	0.1531	0.002247	0.000161370008961441
5_145556237_A_G	145.488381	0.1878	0.001101	0.000161297620374597
5_145557388_C_G	145.486996	0.1574	0.0009817	0.000161297620374597
5_145559173_T_C	145.562792	0.1866	0.002247	0.000161297620374597
5_145552780_A_G	145.556744	0.1755	0.00116	0.000161243760053865
5_145555060_A_G	145.451731	0.1868	0.001443	0.000161177096626031
5_145560697_A_T	145.486913	0.227	0.002091	0.000160721450174764
5_145508636_T_C	145.598283	0.2143	0.002281	0.000159702616285303
5_145554508_T_C	145.577351	0.2894	0.01473	0.000158871729062428
5_145541101_A_G	145.541101	0.1733	0.00116	0.000157617493593749
5_145556744_A_G	145.566062	0.1528	0.002247	0.000155797780885188
5_145488381_A_G	145.52166	0.1689	0.2617	0.000154691058594935
5_145511343_A_G	145.454232	0.1739	0.001576	0.000154500647211299
5_145510806_A_G	145.597892	0.2069	0.002281	0.000151821678867349
5_145550668_C_G	145.512807	0.1868	0.00116	0.000151569659333886
5_145539339_T_G	145.452551	0.1711	0.001443	0.000151507949027782
5_145539996_T_G	145.559423	0.1644	0.00116	0.000151507949027782
5_145542880_A_C	145.540923	0.1853	0.00116	0.000151507949027782
5_145510123_A_T	145.504688	0.2873	0.003678	0.000151214693286928
5_145510261_A_G	145.532876	0.1864	0.00116	0.000151214693286928
5_145510277_T_C	145.569856	0.1616	0.002424	0.000151214693286928
5_145510176_A_G	145.532859	0.2413	0.003678	0.000150908671801109
5_145496892_A_G	145.507741	1.425e-05	0.5094	0.000150725819818681
5_145500157_A_G	145.507901	1.41e-05	0.5094	0.000150543535242766
5_145539222_T_C	145.588021	0.2086	0.002281	0.000150468635940969
5_145514420_A_G	145.458855	0.189	0.001982	0.000150197274249577
5_145508340_A_G	145.537567	0.188	0.00116	0.000149686109246949
5_145505484_T_G	145.603279	9.269e-06	0.3569	0.00014966892403317
5_145540923_A_T	145.471702	0.1749	0.001741	0.000149566646639026
5_145513647_A_T	145.607534	9.891e-06	0.3981	0.000149521179532611
5_145520275_A_G	145.541857	0.2804	0.003678	0.000149418465014242
5_145513085_T_G	145.510277	0.1826	0.00116	0.000149223868758016
5_145513407_T_C	145.612264	0.1905	0.001555	0.000149223868758016
5_145526827_C_G	145.556237	0.1674	0.00116	0.000149046210706436
5_145529556_A_G	145.590248	0.2501	0.008649	0.000148987112196102
5_145532927_T_C	145.599258	0.2121	0.002281	0.000148987112196102
5_145532876_A_G	145.546258	0.1886	0.00116	0.000148928073950566
5_145533956_A_G	145.518919	0.2539	0.2849	0.000148928073950566
5_145535518_A_G	145.471741	0.1757	0.001644	0.000148928073950566
5_145512807_T_C	145.434432	0.7628	4.421e-05	0.000148692521761552
5_145552906_T_C	145.544766	0.1886	0.00116	0.000148678427866364
5_145505759_A_G	145.612822	8.869e-06	0.3569	0.000148633783450553
5_145534479_T_C	145.535992	0.1872	0.00116	0.000148575104849919
5_145535992_T_C	145.507406	0.1945	0.00116	0.00014851429841865
5_145535305_T_C	145.569595	0.2849	0.007281	0.000148399426393803
5_145536642_A_G	145.547159	0.1963	0.001354	0.000148224282039915
5_145507654_C_G	145.428027	0.7604	5.227e-05	0.000147991582825842
5_145507827_T_C	145.517253	0.1886	0.00116	0.000147991582825842
5_145508457_T_C	145.562351	0.1662	0.0008101	0.000147991582825842
5_145537567_T_C	145.510123	0.1826	0.00116	0.000147991582825842
5_145504347_A_C	145.522926	8.351e-06	0.5094	0.00014781767520399
5_145505085_A_G	145.601898	1.488e-05	0.3981	0.00014781767520399
5_145517253_A_T	145.529556	0.1863	0.00116	0.000147644293572311
5_145544766_A_G	145.526827	0.1862	0.00116	0.000147630298923522
5_145545671_A_G	145.496892	0.1834	0.00116	0.000147630298923522
5_145546258_A_C	145.547041	0.1886	0.00116	0.000147630298923522
5_145547041_A_G	145.507654	0.188	0.00116	0.000147630298923522
5_145521133_A_G	145.51832	0.2195	0.3347	0.000147299098689815
5_145517714_T_C	145.433217	0.754	3.974e-05	0.000147184495848535
5_145508471_T_C	145.597697	0.1429	0.5363	0.000147127280681051
5_145504426_A_G	145.565057	8.37e-06	0.463	0.000146842063895773
5_145513188_A_G	145.466476	0.1716	0.002632	0.000146219583782811
5_145507406_T_G	145.454728	0.1779	0.001678	0.000144337922197761
5_145551987_A_G	145.513033	0.2174	0.00116	0.00013794011262498
5_145495320_A_G	145.502957	0.2653	0.003678	0.000135003198188426
5_145520137_A_G	145.564409	0.3066	0.007398	0.000133504244103885
5_145513033_A_G	145.510261	0.1826	0.00116	0.000132966649468949
5_145452551_T_G	145.579458	0.3003	0.01473	0.000132496254914949
5_145508637_A_C	145.504347	0.1883	0.00116	0.00012966066206526
5_145547159_A_G	145.457172	0.1895	0.001678	0.000126154840530147
5_145451731_A_G	145.557388	0.1674	0.00116	0.000124063637721701
5_145454232_T_C	145.554508	0.1711	0.00116	0.000121734591348743
5_145487687_A_C	145.492835	0.0003805	0.2483	0.000119797713828425
5_145487667_T_G	145.62006	0.0001961	0.1625	0.000118247181193686
5_145612264_T_G	145.574235	0.9753	0.1025	0.000117483002325068
5_145456724_T_C	145.56841	0.1639	0.002424	0.000117116102022866
5_145471741_T_C	145.560697	0.1682	0.00116	0.00011644479957212
5_145454728_C_G	145.520137	0.1592	0.001529	0.000113417523526719
5_145455155_A_C	145.520275	0.1861	0.00116	0.000112906571655765
5_145471702_T_G	145.559173	0.1674	0.00116	0.000111418985976683
5_145458052_A_G	145.465914	0.1734	0.001982	0.000108828827328304
5_145424966_T_G	145.425928	0.7292	2.493e-05	0.00010836230634773
5_145457172_A_T	145.623087	0.2476	0.008649	0.000108235683264482
5_145456435_C_G	145.460464	0.186	0.001871	0.000107537375906933
5_145461596_A_C	145.481742	0.184	0.0009817	0.000107135133588832
5_145465914_A_G	145.483679	0.2773	0.00314	0.000100745266856525
5_145566062_T_C	145.508636	0.1711	0.00116	0.000100289218204832
5_145460464_T_C	145.495287	0.2524	0.004095	0.0001002700066916
5_145565996_A_T	145.508637	0.2274	0.00116	0.000100239338490541
5_145463595_T_C	145.483844	0.1932	0.0009817	0.000100225901455117
5_145566316_T_C	145.511862	0.1903	0.3898	0.000100139764144594
5_145458855_A_T	145.513647	0.1854	0.00116	9.4429195855588e-05
5_145569856_C_G	145.544646	0.2028	0.0008101	9.03468552368941e-05
5_145567543_T_C	145.51442	0.1847	0.00116	8.9917598434861e-05
5_145493265_A_T	145.536034	8.574e-06	0.463	8.94265470221153e-05
5_145568410_A_T	145.535518	0.1864	0.00116	8.93991596894814e-05
5_145618132_T_G	145.427762	0.9572	0.9925	8.72155338548019e-05
5_145562792_A_C	145.581065	0.2967	0.01473	8.63999579134628e-05
5_145453932_T_C	145.489161	0.2448	0.003478	8.6159843750454e-05
5_145587065_T_C	145.477855	0.1586	0.0009817	8.41577900551048e-05
5_145622437_A_G	145.487105	0.1854	0.0009817	8.40956880278205e-05
5_145592294_A_G	145.623021	8.589e-06	0.3569	8.09738359344118e-05
5_145597892_T_C	145.524824	9.037e-06	0.463	8.06326933050658e-05
5_145486913_T_C	145.487687	0.1805	0.001553	8.04504452263203e-05
5_145466476_A_G	145.567543	0.1626	0.002424	8.03388680113418e-05
5_145588021_C_G	145.603603	0.2221	0.0107	8.0155816315267e-05
5_145598013_A_G	145.527666	0.4015	0.9122	8.00169659901966e-05
5_145599258_C_G	145.54288	0.1821	0.00116	7.91969849951709e-05
5_145608295_C_G	145.43684	0.7795	4.074e-05	7.90181636061696e-05
5_145598283_A_T	145.532226	8.462e-06	0.463	7.86095972084608e-05
5_145622472_T_C	145.426248	0.7319	4.913e-05	7.62587884908915e-05
5_145467326_T_C	145.49532	0.1825	0.00133	7.21187808440689e-05
5_145583623_A_G	145.455155	0.1793	0.001678	4.8552363844016e-05
5_145489161_T_C	145.563463	8.336e-06	0.463	4.61017553623328e-05
5_145483679_T_C	145.535305	0.1873	0.00116	4.60270674717401e-05
5_145532859_T_C	145.484896	0.1836	0.0009817	4.44619528067473e-05
5_145502957_A_G	145.509728	9.997e-06	0.5094	4.1599048475238e-05
5_145525148_T_C	145.559592	0.1673	0.00116	4.11287555362822e-05
5_145548460_T_C	145.545671	0.1886	0.00116	4.06454185852523e-05
5_145541857_T_G	145.451282	0.1669	0.001145	4.00539165007534e-05
5_145552542_T_C	145.478643	0.1793	0.0009817	3.96254752271675e-05
5_145495287_T_C	145.492947	9.206e-06	0.5094	3.94196635447953e-05
5_145504688_T_C	145.600206	9.447e-06	0.3569	3.94136420901779e-05
5_145587056_A_G	145.542005	1.256e-05	0.5094	2.49716838896953e-05
5_145571995_T_C	145.544647	0.1772	0.0008101	2.27666017223073e-05
5_145569595_T_C	145.539339	0.1821	0.00116	2.26726442297323e-05
5_145572664_T_C	145.550668	0.182	0.00116	2.22190598411336e-05
5_145623087_A_T	145.579686	0.2939	0.01473	2.20080036255986e-05
5_145590248_T_C	145.587056	0.2307	0.007888	2.18559498051464e-05
5_145591137_T_C	145.434715	0.7786	4.262e-05	2.17430453140825e-05
5_145594215_T_C	145.490378	1.266e-05	0.5094	2.13338524408415e-05
5_145564409_A_C	145.565996	0.1529	0.002247	2.1279042881138e-05
5_145453377_C_G	145.513188	0.1911	0.00116	2.03559193957726e-05
5_145603603_A_G	145.579236	1.078e-05	0.3981	2.00090668193849e-05
5_145608188_A_G	145.519577	0.7807	0.4576	1.94364864748712e-05
5_145541415_A_G	145.533956	0.1864	0.00116	1.80970296886874e-05
5_145450670_A_T	145.425417	0.6943	4.913e-05	1.4966803474459e-05
5_145583025_C_G	145.539222	0.1838	0.00116	1.27691412780641e-05
5_145577491_A_G	145.564697	0.1526	0.2419	1.26825870664675e-05
5_145577351_A_G	145.555174	0.1635	0.00116	1.26707810306714e-05
5_145579686_A_G	145.550044	3.978e-06	0.5838	1.25390980157157e-05
5_145581065_A_G	145.541145	1.182e-05	0.5094	1.24597547062994e-05
5_145579458_T_C	145.540375	1.055e-05	0.5094	1.23608718436392e-05
5_145597697_A_G	145.512157	9.75e-06	0.5094	1.02823325326269e-05
5_145491421_T_C	145.492847	0.0003822	0.2483	9.56303822373959e-06
5_145523336_T_G	145.55278	0.1513	0.001273	5.36198438297646e-06
5_145521660_T_G	145.552542	0.285	0.003678	5.25500140808538e-06
5_145607472_C_G	145.548934	0.3147	0.6318	5.12632184483207e-06
5_145548934_A_G	145.505759	0.1869	0.00116	4.70037270117949e-06
5_145436464_C_G	145.539996	0.1821	0.00116	4.56145442878793e-06
5_145431924_T_C	145.513517	0.1675	0.00116	4.45343555904554e-06
5_145622453_T_C	145.601342	0.8731	0.2611	4.43524838083673e-06
5_145466813_A_G	145.493265	0.172	0.002304	4.2123242137276e-06
5_145527666_A_G	145.608188	0.2129	0.01144	4.16875079442821e-06
5_145427762_T_C	145.500157	0.1837	0.00116	3.17022890034468e-06
5_145574235_C_G	145.55506	0.1678	0.00116	2.87323212675124e-06
5_145564697_A_G	145.492906	1.302e-05	0.5094	2.77894118300009e-06
5_145601342_A_G	145.549968	9.673e-06	0.463	1.78922006460886e-06
5_145511862_T_C	145.458052	0.1881	0.001678	1.76827743738449e-06
5_145518919_A_G	145.508457	0.188	0.00116	1.73201243608941e-06
5_145518320_A_G	145.50834	0.1851	0.00116	1.55769891414467e-06
5_145553996_A_G	145.552906	0.1868	0.00116	1.10873841421149e-06
5_145519577_C_G	145.508471	0.1895	0.00116	1.10066054781863e-06
5_145467826_A_G	145.453573	0.1674	0.001137	1.02825557170195e-06
