eSNP	BP_Mb	GWAS_P	EQTL_P	SNP.PP.H4
7_137074761_T_C	137.150695	0.0003161	0.6367	0.193661673569515
7_137074839_T_C	137.059416	0.1477	0.002497	0.165218467319528
7_137074844_T_C	137.116689	0.3249	0.2816	0.165185992467306
7_137067616_T_G	137.131588	0.9431	0.4024	0.140174869524755
7_137083280_A_G	137.049277	0.9525	4.326e-15	0.0802274096400628
7_137085250_A_G	137.053273	0.8896	5.026e-15	0.0792956106733954
7_137076712_A_G	137.158472	0.07425	0.205	0.0299392940818249
7_137079172_T_C	137.098085	0.506	0.3275	0.0154441492127775
7_137078040_T_C	137.130697	0.5765	0.1562	0.011306267495777
7_137078142_T_C	137.13045	0.5071	0.2219	0.0113038083387264
7_137072096_T_C	137.072931	0.9352	3.97e-16	0.0108021993350561
7_137072931_A_C	137.128529	0.5044	0.2334	0.0107722882371987
7_137071327_T_G	137.082039	0.9659	4.573e-16	0.0107417419008629
7_137072151_A_G	137.128495	0.559	0.1985	0.00967121578522359
7_137082729_T_C	137.047137	0.8971	1.343e-15	0.00940132869711513
7_137082039_T_C	137.043484	0.2273	8.99e-07	0.00938511514335189
7_137079949_A_C	137.038092	0.7826	0.0005152	0.00935530211851486
7_137071144_T_C	137.132091	0.4894	0.6002	0.00871020820764644
7_137064062_A_G	137.113667	0.4617	0.3636	0.00801863570603432
7_137059860_T_C	137.041731	0.2205	4.104e-07	0.00576816688080437
7_137047137_A_C	137.066363	0.03028	9.234e-05	0.00359429448566247
7_137047182_C_G	137.069166	0.08722	0.0001483	0.00358183478507444
7_137042224_A_C	137.041669	0.2201	4.104e-07	0.00254021359973671
7_137077103_A_C	137.132449	0.6533	0.2777	0.00228593039931761
7_137048159_T_C	137.069055	0.2064	9.35e-07	0.00125832367432112
7_137049277_A_G	136.984564	0.08733	0.2979	0.00125198885933998
7_137053273_A_C	137.079949	0.9739	4.573e-16	0.00110366767318149
7_137053658_A_G	137.127689	0.4991	0.1734	3.81369348316764e-10
7_137041669_T_G	137.037202	0.7972	0.0007138	2.1506353394173e-10
7_137041731_A_G	137.053658	0.04059	9.829e-07	2.1478373248444e-10
7_137041777_A_C	137.055525	0.7207	0.003575	1.73414483638975e-10
7_137041561_T_C	137.03714	0.7927	0.0003666	1.69926433820252e-10
7_137043324_A_T	137.048159	0.9124	4.326e-15	1.52627081861262e-10
7_137042768_A_G	137.043324	0.2181	6.096e-07	1.46533791800161e-10
7_137040466_A_G	137.103423	0.371	0.2635	1.31068454086665e-10
7_137045382_C_G	137.061321	0.04665	0.001007	1.15509256950808e-10
7_137069055_A_G	137.041561	0.2184	5.392e-07	1.08872283285253e-10
7_137040948_A_G	137.047645	0.08486	0.001729	1.06754800360315e-10
7_137043484_A_C	137.003949	0.2511	0.06435	1.05179245099852e-10
7_137053704_T_C	137.120448	0.3505	0.2961	3.54808771302889e-11
7_137032717_T_C	137.132633	0.3902	0.8212	2.48751408613832e-11
7_137081525_A_G	137.042224	0.8946	1.981e-15	1.31187907076905e-11
7_137066363_T_C	137.131433	0.5646	0.5246	1.0323896128604e-11
7_137081223_A_G	137.041777	0.2157	5.323e-07	9.50742325082459e-12
7_137150937_A_G	137.141244	0.1839	0.9214	5.04056686663171e-12
7_137149912_A_G	136.971415	0.1535	0.2584	4.56323051766262e-12
7_137147613_C_G	137.082729	0.9354	4.573e-16	3.25841676597439e-12
7_137160446_A_G	137.08525	0.9911	4.221e-17	3.00290545223433e-12
7_137069166_A_T	137.118726	0.356	0.2816	2.91429202223767e-12
7_137149840_T_C	137.16757	0.2064	0.6643	2.91212647695097e-12
7_137151732_T_C	137.05986	0.9719	7.864e-16	2.88368446439158e-12
7_137155886_T_C	137.017876	0.7305	0.0001491	2.87727546213018e-12
7_137150695_T_C	137.080244	0.04946	0.002931	2.686856832942e-12
7_137010589_A_C	137.067616	0.9385	2.219e-17	2.65149435394113e-12
7_137149947_A_T	136.985921	0.3132	0.1697	2.58535023792249e-12
7_137017100_T_C	137.095607	0.4267	0.3674	2.45070261540389e-12
7_137016931_A_C	137.077103	0.9963	2.228e-15	2.44604415483859e-12
7_137015838_T_G	136.972003	0.1578	0.2183	2.42055643339268e-12
7_137015603_A_T	137.108526	0.3441	0.2852	2.41328688433133e-12
7_137146452_A_G	137.101849	0.5983	0.3178	1.99130979132234e-12
7_137016311_A_C	137.07804	0.9692	3.75e-16	1.86246389284752e-12
7_137149771_A_G	136.969917	0.03779	0.2762	1.81724986136448e-12
7_137144401_T_C	137.158816	0.6206	0.8216	1.67358105513371e-12
7_137143465_A_G	137.023278	0.4614	0.3045	1.31581331824965e-12
7_137142586_A_G	136.975595	0.473	0.01884	1.30050764891038e-12
7_137143406_T_C	136.981593	0.5982	0.9042	1.28602163513652e-12
7_137004109_T_C	137.128086	0.4319	0.2177	1.25941314495447e-12
7_137146685_T_C	137.026836	0.3812	0.7157	1.13654886472613e-12
7_137061330_C_G	136.977203	0.5072	0.2577	1.11278276229973e-12
7_137061321_A_G	136.977138	0.08929	0.003959	1.04042462515256e-12
7_137021740_A_T	137.144401	0.0006281	0.4321	9.88433476898994e-13
7_136997283_T_C	137.064521	0.3804	0.8366	9.59684865144479e-13
7_136990665_A_G	136.988448	0.06418	0.375	8.73059896713957e-13
7_137018456_C_G	136.980031	0.01801	0.5563	7.86172961273508e-13
7_137026637_A_C	137.074761	0.7885	1.634e-17	7.72797504185013e-13
7_136995126_C_G	137.08175	0.6154	0.09062	6.7301774382025e-13
7_137025020_T_C	137.045382	0.2186	8.344e-07	6.69204683878403e-13
7_137017876_T_C	137.132243	0.5701	0.5246	6.23482667718655e-13
7_137080244_T_G	137.040466	0.2442	6.614e-07	4.36420634899205e-13
7_137044785_A_C	137.059537	0.1205	0.002497	4.19058323288738e-13
7_137047645_C_G	137.107129	0.2986	0.3391	4.04963745637944e-13
7_137037689_T_C	137.120111	0.3714	0.2816	3.7700263787115e-13
7_137037140_A_G	137.009801	0.2013	0.7512	2.80868194562795e-13
7_137057629_A_G	137.059107	0.1167	0.002171	2.74673320259802e-13
7_137059107_A_C	136.990665	0.7702	1e-04	2.66547009389076e-13
7_137059489_T_C	137.079172	0.9867	2.649e-16	2.37642095427609e-13
7_137059537_T_C	137.105422	0.321	0.2551	2.325200107297e-13
7_137058206_T_C	137.081525	0.2639	8.532e-06	2.32492387703461e-13
7_137029838_T_C	137.12742	0.4094	0.8212	2.3042013429113e-13
7_137061027_A_T	137.112647	0.4302	0.2455	2.30267502473788e-13
7_137038092_T_C	137.103157	0.3518	0.3745	2.10670292808049e-13
7_137059416_A_G	137.100832	0.371	0.2653	1.98875188865994e-13
7_136977138_A_G	137.109203	0.3446	0.317	1.65338214987139e-13
7_136974976_T_C	137.109305	0.2972	0.317	1.65283412163175e-13
7_137037202_A_G	137.150937	0.0001694	0.53	1.58883217460959e-13
7_136978529_T_C	137.015838	0.7753	3.045e-05	1.4862775107235e-13
7_136985916_A_G	137.108591	0.3411	0.2852	1.37398791831169e-13
7_137053437_T_C	136.968621	0.3778	0.02034	1.14390553879407e-13
7_137074643_T_C	137.010589	0.9418	2.623e-05	8.73395697697884e-14
7_137055525_A_G	137.124915	0.4838	0.295	6.8142258984746e-14
7_136970513_A_T	137.015603	0.7834	3.045e-05	5.74941044875176e-14
7_136988448_T_C	137.14121	0.04435	0.718	5.30182682713479e-14
7_137086826_T_C	137.053704	0.2259	3.105e-06	4.67806003076513e-14
7_137009221_A_G	137.131235	0.5286	0.1874	4.41809266256212e-14
7_136993664_T_C	137.069449	0.08216	0.5852	4.32323568901043e-14
7_137069449_T_C	137.129484	0.4346	0.2067	4.19469195543083e-14
7_137080711_T_C	137.040948	0.2145	9.266e-07	3.18819813775611e-14
7_137141210_T_C	137.009221	0.2043	0.01821	3.12304668548729e-14
7_137158472_A_T	137.128574	0.3114	0.4441	3.02964621408984e-14
7_136980031_A_G	137.128207	0.505	0.1734	2.58739546065542e-14
7_136996149_T_C	137.1512	0.7712	0.8827	2.06934706643595e-14
7_137007920_A_G	136.969109	0.1748	0.2183	2.03787474525042e-14
7_137030539_A_G	137.016311	0.6731	4.352e-05	1.99933619852768e-14
7_137005911_T_C	137.061027	0.1278	0.002387	1.99345998927157e-14
7_137132633_A_G	136.993664	0.1739	0.122	1.88130117868831e-14
7_137127420_T_C	137.072151	0.9277	4.479e-16	1.81508483350571e-14
7_136968621_T_C	137.104309	0.316	0.3577	1.78098784829342e-14
7_137078275_A_G	137.123233	0.4862	0.8827	1.72459353334541e-14
7_137003404_T_C	137.044785	0.08138	0.001729	1.71062860417491e-14
7_136972986_A_G	137.158693	0.203	0.6026	1.69498689370907e-14
7_136972003_A_C	137.016931	0.7488	3.045e-05	1.6900270806399e-14
7_136975595_A_T	137.108881	0.368	0.2551	1.66150722754665e-14
7_136998483_A_T	136.972027	0.3685	0.026	1.65751779204621e-14
7_136969917_A_G	137.109519	0.3515	0.317	1.63840994178001e-14
7_137003949_T_C	137.06133	0.04457	0.0009719	1.62297713422017e-14
7_137009801_A_G	137.08328	0.9159	4.221e-17	1.61483725491464e-14
7_137081750_A_G	137.042768	0.2309	6.096e-07	1.61447796930708e-14
7_136971415_A_G	137.11898	0.3581	0.2816	1.59459373779144e-14
7_136969109_A_G	137.0171	0.7443	3.045e-05	1.55689885557226e-14
7_136994013_A_G	137.138736	0.9745	0.05316	1.4767006100992e-14
7_136998548_C_G	137.078275	0.7594	0.9202	1.44132944290086e-14
7_137070042_A_T	137.129833	0.5353	0.2002	1.41776038183442e-14
7_137016788_A_G	137.108792	0.3413	0.317	1.30021250371357e-14
7_136997750_A_T	137.086826	0.2588	0.009952	1.24811489439999e-14
7_136973027_T_C	137.104553	0.2319	0.2733	1.22692224485448e-14
7_136972027_T_C	137.12176	0.4339	0.2804	1.22669578129977e-14
7_137023278_T_C	137.021176	0.4724	0.1049	1.12331973516297e-14
7_137064521_A_T	137.12883	0.5322	0.1734	1.11300615056083e-14
7_137101849_A_T	137.02502	0.7922	0.0001335	1.11112250291588e-14
7_137128574_A_G	137.156237	0.1431	0.5251	1.10630753363495e-14
7_136977203_A_G	137.110346	0.477	0.2429	1.09838733247591e-14
7_137115392_T_C	137.143465	0.0007706	0.4932	1.08357340184149e-14
7_137123233_A_G	137.119101	0.362	0.2816	1.03134359736926e-14
7_136980174_A_G	137.103534	0.3862	0.3929	1.00211487511235e-14
7_137138736_C_G	137.017209	0.3593	0.7542	9.30078372807813e-15
7_136984564_C_G	137.076712	0.9782	1.262e-16	9.07668400891093e-15
7_137151200_T_C	137.132593	0.9592	0.4303	8.73816369499677e-15
7_137032174_T_C	137.081223	0.08512	3.566e-05	8.37694093901092e-15
7_137158816_A_G	136.980174	0.06559	0.3776	8.14228337699137e-15
7_137132091_A_C	137.146685	0.0007916	0.7594	8.09671560113821e-15
7_137160466_T_C	137.115392	0.4478	0.8827	7.95486587824638e-15
7_136981593_A_C	137.047182	0.9229	1.343e-15	7.57507609321567e-15
7_137156237_A_C	137.074643	0.06738	0.03364	7.17844296932841e-15
7_136989441_A_G	136.970513	0.05866	0.375	6.16207778489772e-15
7_137021176_T_G	137.078142	0.9694	3.75e-16	6.02683847848434e-15
7_137141244_T_C	137.080711	0.06313	0.3687	5.44939018928571e-15
7_137158693_T_G	137.030539	0.1555	0.3095	5.30096702879242e-15
7_137167570_T_C	137.127034	0.4425	0.2909	5.09287638207676e-15
7_136985921_A_G	137.053437	0.02628	0.3966	4.77909135891953e-15
7_137044765_A_T	137.11869	0.3385	0.2816	4.30287304325411e-15
7_137104553_T_C	137.037689	0.7812	0.0002612	3.12007395179813e-15
7_137107544_T_G	137.005911	0.2188	0.05431	2.82044300973928e-15
7_137017209_T_C	137.115601	0.284	0.574	2.78217415446506e-15
7_137026836_T_C	137.016788	0.7845	0.1952	2.71535091334109e-15
7_137131588_A_G	137.149912	0.0001761	0.66	2.70477527222197e-15
7_137132593_C_G	137.155886	0.0003014	0.5802	2.62104380687371e-15
7_137127689_T_C	137.107544	0.2562	0.28	2.55388201103205e-15
7_137105422_T_C	136.974976	0.1146	0.003189	2.54355478341116e-15
7_137128207_T_C	137.118183	0.3685	0.2896	2.53805856059516e-15
7_137130697_T_C	136.978529	0.1339	0.003136	2.5059432476913e-15
7_137115766_T_C	137.149771	0.0004614	0.7766	2.50166569873016e-15
7_137128830_T_C	137.044765	0.2295	0.6555	2.47106571156837e-15
7_137116476_A_G	137.160466	0.1272	0.5065	2.41589590920824e-15
7_137129484_A_G	137.146452	0.0004295	0.7594	2.41019819718952e-15
7_137116689_A_T	137.149947	0.0003201	0.7117	2.36727633938656e-15
7_137128086_A_C	137.064062	0.9738	5.457e-16	2.34319889709323e-15
7_137131235_T_C	137.032174	0.8216	0.0418	2.3397514745678e-15
7_137109305_C_G	136.997283	0.8388	8.685e-05	2.33753461356228e-15
7_137108881_T_C	136.998483	0.1855	0.08591	2.32868104676675e-15
7_137105633_T_C	137.018456	0.7834	0.0001111	2.30582703092378e-15
7_137118690_A_C	137.143406	0.0007899	0.4932	2.302692280994e-15
7_137108591_A_C	137.003404	0.2328	0.06435	2.27426883215491e-15
7_137103423_A_G	137.070042	0.1661	0.1828	2.27329079702191e-15
7_137108526_C_G	137.004109	0.5671	7.488e-05	2.26181824088802e-15
7_137100832_A_G	137.02174	0.7523	8.646e-05	2.25850761921523e-15
7_137107129_A_G	137.00792	0.2122	0.05431	2.2380680892286e-15
7_137129833_A_G	137.116476	0.3149	0.2816	2.2355766540431e-15
7_137118726_A_G	137.160446	0.0003098	0.4735	2.23193031683897e-15
7_137118980_T_C	137.074844	0.9618	1.896e-17	2.22368129402166e-15
7_137119101_A_G	137.074839	0.9552	1.896e-17	2.20814712494652e-15
7_137128495_A_T	137.105633	0.2981	0.3232	2.2021531668913e-15
7_137119369_T_C	137.071327	0.9506	3.97e-16	2.19744301161086e-15
7_137120448_T_C	137.072096	0.9137	3.97e-16	2.18492711616735e-15
7_137120111_A_G	137.059489	0.1173	0.002497	2.17361091416635e-15
7_137112647_A_C	136.994013	0.1939	0.09788	2.17251069481628e-15
7_137118183_T_C	137.14984	0.0002773	0.7766	2.15080289452369e-15
7_137109203_T_C	136.99775	0.1807	0.1414	2.13452666087268e-15
7_137108792_T_C	136.998548	0.1838	0.1083	2.13221327659748e-15
7_137119433_A_G	137.071144	0.9707	5.014e-16	2.10867431137869e-15
7_137109519_A_G	136.996149	0.2075	0.05452	2.09734761513977e-15
7_137104309_T_C	137.032717	0.4823	2.68e-06	2.09036472404226e-15
7_137110346_T_C	136.995126	0.8187	0.0001319	2.08880229577138e-15
7_137128529_T_C	136.972986	0.2206	0.091	2.08254817684928e-15
7_137130450_A_C	136.985916	0.1298	0.003543	2.08226167821356e-15
7_137121760_T_C	137.115766	0.336	0.2498	2.01636157450313e-15
7_137127034_T_G	137.119433	0.3834	0.2865	1.91748674468932e-15
7_137103157_A_G	137.026637	0.8072	0.0001123	1.90019205619284e-15
7_137124915_T_C	137.119369	0.3647	0.2816	1.80701878675574e-15
7_137095607_A_T	137.057629	0.1124	0.002171	1.77027366385219e-15
7_137103534_A_G	137.029838	0.8004	0.0004608	1.74712437413279e-15
7_137098085_T_C	137.058206	0.1392	0.002171	1.69429695125315e-15
7_137113667_C_G	136.989441	0.1184	0.1802	1.66240499519286e-15
7_137115601_A_G	137.147613	0.0002499	0.7117	1.65346050361941e-15
7_137132449_T_G	137.151732	0.0002983	0.601	1.62160018958119e-15
7_137131433_T_C	136.973027	0.5121	0.1871	1.14043545498068e-15
7_137132243_T_C	137.142586	0.0007804	0.4932	1.13512747732699e-15
