0.638146
0.638146
0.638146
0.638146
0.638146
0.638146
0.638146
0.638146
0.638146
0.317779
0.317779
0.317779
0.317779
0.317779
0.317779
0.317779
0.317779
0.317779
0.317779
0.317779
0.317779
0.317779
0.317779
0.317779
0.317779
0.23335
0.23335
0.23335
0.23335
0.23335
0.23335
0.23335
0.23335
0.23335
0.279397
0.279397
0.279397
0.279397
0.279397
0.279397
0.279397
0.279397
0.279397
0.279397
0.279397
0.279397
0.279397
0.279397
0.279397
0.279397
0.508121
0.508121
0.508121
0.508121
0.508121
0.508121
0.508121
0.508121
0.508121
0.508121
0.508121
0.508121
0.508121
0.508121
0.336527
0.336527
0.336527
0.336527
0.336527
0.336527
0.336527
0.336527
0.336527
0.336527
0.336527
0.22658
0.22658
0.22658
0.22658
0.22658
0.22658
0.22658
0.22658
0.22658
0.22658
0.22658
0.22658
0.22658
0.22658
0.238105
0.238105
0.238105
0.238105
0.238105
0.238105
0.238105
0.238105
0.238105
0.38308
0.38308
0.38308
0.38308
0.38308
0.38308
0.38308
0.38308
0.38308
0.38308
0.38308
0.38308
0.38308
0.38308
0.368179
0.368179
0.368179
0.368179
0.368179
0.368179
0.368179
0.368179
0.368179
0.368179
0.368179
0.361964
0.361964
0.361964
0.361964
0.361964
0.361964
0.361964
0.361964
0.361964
0.361964
0.361964
0.305544
0.305544
0.305544
0.305544
0.305544
0.305544
0.305544
0.305544
0.305544
0.305544
0.305544
0.255708
0.255708
0.255708
0.255708
0.255708
0.255708
0.255708
0.255708
0.255708
0.231334
0.250359
0.250359
0.250359
0.250359
0.250359
0.250359
0.250359
0.250359
0.250359
0.250359
0.250359
0.250359
0.250359
0.250359
0.250359
0.250359
0.260068
0.273408
0.273408
0.273408
0.209822
0.209822
0.209822
0.209822
0.209822
0.209822
0.209822
0.209822
0.209822
0.209822
0.209822
0.209822
0.209822
0.209822
0.288507
0.288507
0.288507
0.26663
0.26663
0.26663
0.26663
0.26663
0.26663
0.26663
0.26663
0.26663
0.26663
0.26663
0.26663
0.26663
0.26663
0.26663
0.26663
0.26663
0.26663
0.26663
0.26663
0.467519
0.467519
0.467519
0.467519
0.467519
0.467519
0.467519
0.467519
0.467519
0.467519
0.467519
0.467519
0.467519
0.467519
0.467519
0.467519
0.467519
0.467519
0.467519
0.467519
0.298081
0.407483
0.407483
0.407483
0.333455
0.29232
0.29232
0.29232
0.29232
0.29232
0.29232
0.29232
0.29232
0.29232
0.29232
0.29232
0.29232
0.29232
0.29232
0.248995
0.248995
0.248995
0.248995
0.248995
0.371802
0.371802
0.371802
0.371802
0.530697
0.530697
0.530697
0.530697
0.530697
0.268307
0.268307
0.268307
0.268307
0.268307
0.268307
0.268307
0.268307
0.268307
0.268307
0.268307
0.268307
0.268307
0.268307
0.268307
0.268307
0.268307
0.268307
0.227524
0.227524
0.227524
0.227524
0.227524
0.227524
0.227524
0.227524
0.227524
0.227524
0.227524
0.227524
0.227524
0.227524
0.351722
0.275531
0.223786
0.223786
0.223786
0.223786
0.223786
0.218611
0.245478
0.245478
0.245478
0.245478
0.245478
0.245478
0.245478
0.245478
0.245478
0.245478
0.245478
0.245478
0.245478
0.245478
0.245478
0.245478
0.245478
0.245478
0.245478
0.245478
0.245478
0.245478
0.245478
0.245478
0.261505
0.261505
0.261505
0.261505
0.22944
0.249661
0.249661
0.249661
0.674942
0.674942
0.674942
0.674942
0.674942
0.674942
0.280774
0.280774
0.280774
0.280774
0.280774
0.280774
0.280774
0.347788
0.347788
0.347788
0.347788
0.347788
0.347788
0.347788
0.20136
0.20136
0.20136
0.20136
0.20136
0.20136
0.20136
0.20136
0.20136
0.20136
0.20136
0.20136
0.20136
0.20136
0.20136
0.20136
0.20136
0.20136
0.20136
0.20136
0.20136
0.20136
0.20136
0.20136
0.27816
0.27816
0.27816
0.27816
0.27816
0.27816
0.27816
0.27816
0.27816
0.27816
0.27816
0.27816
0.27816
0.27816
0.416912
0.416912
0.416912
0.346278
0.346278
0.188115
0.188115
0.223817
0.223817
0.223817
0.223817
0.223817
0.223817
0.223817
0.223817
0.223817
0.223817
0.223817
0.223817
0.442671
0.442671
0.442671
0.442671
0.442671
0.442671
0.442671
0.442671
0.442671
0.291002
0.304596
0.304596
0.304596
0.304596
