0.568298
0.737823
0.336085
0.973963
0.311084
0.341033
0.466628
0.388915
0.227155
0.31162
0.2789
0.286059
0.309136
0.313358
0.309583
0.285628
0.603982
0.408806
0.49616
0.885457
0.398531
0.652264
0.830109
0.367563
0.281904
0.568298
0.737823
0.336085
0.973963
0.311084
0.341033
0.466628
0.388915
0.227155
0.439811
0.430406
0.299358
0.322915
0.373926
0.312385
0.40758
0.508192
0.483392
0.630491
0.497289
0.302969
0.272233
0.598127
1.0654
0.26707
0.298563
0.398315
0.278652
0.222563
0.261964
0.390461
0.228308
0.348662
0.350095
0.331032
0.259229
0.240312
0.260668
0.344197
0.220316
0.224345
0.473012
0.475719
0.833515
1.05641
0.727813
0.848178
0.354904
0.479906
0.352633
0.298563
0.398315
0.278652
0.222563
0.261964
0.390461
0.228308
0.348662
0.350095
0.331032
0.259229
0.240312
0.260668
0.344197
0.405767
0.543113
0.481672
1.37097
1.34384
1.24471
0.49416
0.444088
0.312185
0.298563
0.398315
0.278652
0.222563
0.261964
0.390461
0.228308
0.348662
0.350095
0.331032
0.259229
0.240312
0.260668
0.344197
0.220316
0.224345
0.473012
0.475719
0.833515
1.05641
0.727813
0.848178
0.354904
0.479906
0.352633
0.219612
0.226502
0.477282
0.474901
0.832099
1.05446
0.73412
0.839398
0.353555
0.475963
0.348603
0.219612
0.226502
0.477282
0.474901
0.832099
1.05446
0.73412
0.839398
0.353555
0.475963
0.348603
0.405767
0.543113
0.481672
1.37097
1.34384
1.24471
0.49416
0.444088
0.312185
0.288871
0.31162
0.2789
0.286059
0.309136
0.313358
0.309583
0.285628
0.603982
0.408806
0.49616
0.885457
0.398531
0.652264
0.830109
0.367563
0.281904
0.241728
0.465058
0.302485
0.317077
0.298563
0.398315
0.278652
0.222563
0.261964
0.390461
0.228308
0.348662
0.350095
0.331032
0.259229
0.240312
0.260668
0.344197
0.465058
0.302485
0.317077
0.291874
0.510642
0.341307
0.37156
0.280408
0.256722
0.368821
0.242023
0.326312
0.366884
0.379364
0.314136
0.354716
0.378021
0.34082
0.322809
0.250599
0.360518
0.377395
0.39249
0.291874
0.510642
0.341307
0.37156
0.280408
0.256722
0.368821
0.242023
0.326312
0.366884
0.379364
0.314136
0.354716
0.378021
0.34082
0.322809
0.250599
0.360518
0.377395
0.39249
0.261689
0.252422
0.425209
0.231736
0.416464
0.298563
0.398315
0.278652
0.222563
0.261964
0.390461
0.228308
0.348662
0.350095
0.331032
0.259229
0.240312
0.260668
0.344197
0.359943
0.371785
0.26595
0.252302
0.288997
0.290212
0.936973
0.651924
0.807098
0.366547
0.374789
0.279478
0.249311
0.287174
0.26105
0.489805
0.301219
0.355491
0.243967
0.236638
0.353225
0.294202
0.332553
0.344919
0.27934
0.302046
0.354436
0.320796
0.284949
0.328828
0.346155
0.36
0.298563
0.398315
0.278652
0.222563
0.261964
0.390461
0.228308
0.348662
0.350095
0.331032
0.259229
0.240312
0.260668
0.344197
0.297739
0.420343
0.368082
0.37701
0.264812
0.253256
0.287634
0.416464
0.245693
0.240935
0.289652
0.255541
0.299057
0.299081
0.306719
0.326063
0.375557
0.776917
0.77635
0.780272
0.263579
0.262233
0.234435
0.256969
0.264207
0.252603
0.285938
0.261907
0.233854
0.263752
0.260862
0.287572
0.301614
0.67909
0.291388
0.523242
0.32767
0.252422
0.425209
0.231736
0.319693
0.342885
0.591164
0.477409
0.421088
0.476488
0.326105
0.337557
0.604019
0.485636
0.431339
0.486287
0.314148
0.326105
0.337557
0.604019
0.485636
0.431339
0.486287
0.314148
0.247226
0.257111
0.292239
0.257564
0.31734
0.314166
0.305067
0.325492
0.387426
0.796579
0.787108
0.7863
0.258522
0.256851
0.231277
0.252332
0.25976
0.247301
0.282379
0.258395
0.23123
0.258109
0.257011
0.283067
0.298563
0.398315
0.278652
0.222563
0.261964
0.390461
0.228308
0.348662
0.350095
0.331032
0.259229
0.240312
0.260668
0.344197
0.448114
0.786142
0.343415
0.222177
0.221163
0.336218
0.353857
0.508372
0.356215
0.331827
0.257731
0.267599
0.25873
0.311394
0.351953
0.384453
0.25363
0.281483
0.228489
0.568298
0.737823
0.336085
0.973963
0.311084
0.341033
0.466628
0.388915
0.227155
0.408401
0.296559
0.328831
0.264784
0.287494
