edsite	SNP	BP	GWAS_P	EQTL_P	PP_H4	BP_Mb
12_79519122	12_79561872_A_G	79561872	0.0004614	0.006715	0.858880978295757	79.561872
12_79519122	12_79593516_C_T	79593516	0.732	0.1274	0.11976996395375	79.593516
12_79519122	12_79574451_A_T	79574451	0.8966	0.9721	0.00444161837980313	79.574451
12_79519122	12_79499824_C_T	79499824	0.011	0.0008759	0.00274582454442035	79.499824
12_79519122	12_79612233_G_A	79612233	0.8209	0.9548	0.00272111924606183	79.612233
12_79519122	12_79425249_G_C	79425249	0.6577	0.5843	0.00267995551240055	79.425249
12_79519122	12_79523797_T_A	79523797	0.847	0.2632	0.00105693582679917	79.523797
12_79519122	12_79572108_A_G	79572108	0.6856	0.9686	0.00103023378914807	79.572108
12_79519122	12_79524699_C_T	79524699	0.01234	0.0008325	0.000618510256161363	79.524699
12_79519122	12_79516688_T_C	79516688	0.01332	0.0009871	0.000408532046117782	79.516688
12_79519122	12_79476568_C_T	79476568	0.6051	0.07745	0.000389361171287285	79.476568
12_79519122	12_79552596_G_C	79552596	0.0004425	0.006715	0.000379371788095283	79.552596
12_79519122	12_79518718_G_A	79518718	0.001902	0.0005823	0.000220280405893793	79.518718
12_79519122	12_79419785_C_T	79419785	0.5652	0.7241	0.000213012266228652	79.419785
12_79519122	12_79468235_A_G	79468235	0.4318	0.7203	0.000158821353817019	79.468235
12_79519122	12_79611536_T_C	79611536	0.8178	0.974	0.000128592363088428	79.611536
12_79519122	12_79575020_A_G	79575020	0.8897	0.9721	0.000104816353723564	79.57502
12_79519122	12_79601588_C_A	79601588	0.9715	0.636	9.76239405773955e-05	79.601588
12_79519122	12_79494938_C_T	79494938	0.01702	0.0008759	9.52825611538275e-05	79.494938
12_79519122	12_79531413_T_A	79531413	0.0002626	0.06743	9.43311124999085e-05	79.531413
12_79519122	12_79474795_A_C	79474795	0.000777	0.0001601	9.15944753148963e-05	79.474795
12_79519122	12_79529704_A_G	79529704	0.000654	0.02043	8.87851694988008e-05	79.529704
12_79519122	12_79616464_A_G	79616464	0.8057	0.9329	8.49592967105688e-05	79.616464
12_79519122	12_79419200_C_A	79419200	0.3504	0.08466	8.43120610338813e-05	79.4192
12_79519122	12_79489018_C_T	79489018	0.001292	0.0004958	6.89533439136219e-05	79.489018
12_79519122	12_79581730_A_G	79581730	0.2469	0.05267	6.8934768846428e-05	79.58173
12_79519122	12_79475648_C_T	79475648	0.7354	0.07519	6.79877194285944e-05	79.475648
12_79519122	12_79543414_T_C	79543414	0.0002184	0.04203	6.74466700201539e-05	79.543414
12_79519122	12_79517089_A_G	79517089	0.01583	0.1482	6.70538628876075e-05	79.517089
12_79519122	12_79595201_G_A	79595201	0.9806	0.8837	6.60118254620856e-05	79.595201
12_79519122	12_79600641_C_T	79600641	0.3729	0.3483	6.5776784065746e-05	79.600641
12_79519122	12_79573808_A_T	79573808	0.8862	0.9721	6.54402065608096e-05	79.573808
12_79519122	12_79519027_A_G	79519027	0.002136	0.0004958	6.51872775436456e-05	79.519027
12_79519122	12_79455787_T_C	79455787	0.9172	0.7634	6.49519731955014e-05	79.455787
12_79519122	12_79471595_A_G	79471595	0.3855	0.07519	6.43346201787779e-05	79.471595
12_79519122	12_79471682_A_G	79471682	0.607	0.07745	6.41299320885651e-05	79.471682
12_79519122	12_79562778_C_T	79562778	0.0002989	0.006715	6.36672649211369e-05	79.562778
12_79519122	12_79448229_A_G	79448229	0.9505	0.97	6.25054171249188e-05	79.448229
12_79519122	12_79544901_A_G	79544901	0.0002479	0.04203	5.82283886250141e-05	79.544901
12_79519122	12_79580613_A_G	79580613	0.9736	0.7417	5.81108503731201e-05	79.580613
12_79519122	12_79492485_C_T	79492485	0.5507	0.2592	5.77733373448247e-05	79.492485
12_79519122	12_79566387_A_G	79566387	0.0004667	0.006715	5.75332744720957e-05	79.566387
12_79519122	12_79420600_C_A	79420600	0.6621	0.6367	5.74889413736242e-05	79.4206
12_79519122	12_79450939_A_C	79450939	0.9507	0.97	5.73256489892719e-05	79.450939
12_79519122	12_79586336_T_C	79586336	0.9152	0.9772	5.60900065262132e-05	79.586336
12_79519122	12_79538633_A_G	79538633	0.2273	0.7001	5.58429755112525e-05	79.538633
12_79519122	12_79484134_A_G	79484134	0.8648	0.0392	5.54597718818938e-05	79.484134
12_79519122	12_79441187_T_A	79441187	0.5437	0.02357	5.53909347781662e-05	79.441187
12_79519122	12_79586657_C_A	79586657	0.9147	0.9772	4.66741776115536e-05	79.586657
12_79519122	12_79589376_T_C	79589376	0.9808	0.7102	4.16806230406393e-05	79.589376
12_79519122	12_79491040_A_G	79491040	0.9104	0.2909	4.1341805206137e-05	79.49104
12_79519122	12_79574963_C_T	79574963	0.8916	0.9721	4.09218759218202e-05	79.574963
12_79519122	12_79562731_C_T	79562731	0.0002876	0.006715	4.07925449599757e-05	79.562731
12_79519122	12_79490164_G_A	79490164	0.9544	0.2449	3.97315374534336e-05	79.490164
12_79519122	12_79574442_G_A	79574442	0.8953	0.9721	3.90772007896014e-05	79.574442
12_79519122	12_79522624_G_C	79522624	0.001973	0.0005823	3.85746372157844e-05	79.522624
12_79519122	12_79496494_G_A	79496494	0.8752	0.06529	3.84152072664119e-05	79.496494
12_79519122	12_79601393_A_G	79601393	0.9685	0.636	3.83172160672675e-05	79.601393
12_79519122	12_79615596_T_G	79615596	0.8016	0.9329	3.82122825940669e-05	79.615596
12_79519122	12_79612250_C_T	79612250	0.8185	0.9548	3.81228270767534e-05	79.61225
12_79519122	12_79581503_G_A	79581503	0.8803	0.9256	3.7653187024982e-05	79.581503
12_79519122	12_79443342_A_G	79443342	0.8757	0.7313	3.72735178072177e-05	79.443342
12_79519122	12_79467311_C_T	79467311	0.3793	0.07519	3.71605025448565e-05	79.467311
12_79519122	12_79527463_C_T	79527463	0.0004929	0.0667	3.63088447211814e-05	79.527463
12_79519122	12_79518744_G_A	79518744	0.8555	0.2199	3.57432268360952e-05	79.518744
12_79519122	12_79482386_T_G	79482386	0.0155	0.0009453	3.51254050527634e-05	79.482386
12_79519122	12_79454331_G_C	79454331	0.9384	0.7462	3.43275643774839e-05	79.454331
12_79519122	12_79510906_C_T	79510906	0.459	0.07519	3.42317121236297e-05	79.510906
12_79519122	12_79481371_G_A	79481371	0.01734	0.001052	3.31262760572501e-05	79.481371
12_79519122	12_79526973_G_A	79526973	0.001449	0.002647	3.28209416317356e-05	79.526973
12_79519122	12_79536049_C_T	79536049	0.6816	0.7291	3.15939364461606e-05	79.536049
12_79519122	12_79481610_A_G	79481610	0.01604	0.00148	3.11577200455506e-05	79.48161
12_79519122	12_79535631_C_A	79535631	0.0001747	0.04078	3.08151187833754e-05	79.535631
12_79519122	12_79505625_T_A	79505625	0.01556	0.0008759	2.85790211385094e-05	79.505625
12_79519122	12_79481297_T_C	79481297	0.02056	0.001052	2.84557231746784e-05	79.481297
12_79519122	12_79556079_T_C	79556079	0.1665	0.9267	2.84250745347119e-05	79.556079
12_79519122	12_79447152_A_G	79447152	0.9517	0.97	2.83487580036864e-05	79.447152
12_79519122	12_79430327_A_G	79430327	0.6525	0.4832	2.76323147876026e-05	79.430327
12_79519122	12_79453006_T_C	79453006	0.604	0.6262	2.73885895793357e-05	79.453006
12_79519122	12_79512583_A_G	79512583	0.01443	0.000995	2.73180198327539e-05	79.512583
12_79519122	12_79557427_T_G	79557427	0.0004201	0.006715	2.68265265197359e-05	79.557427
12_79519122	12_79605693_C_G	79605693	0.7156	0.9329	2.55133073606882e-05	79.605693
12_79519122	12_79510849_G_A	79510849	0.4667	0.2165	2.48938937094704e-05	79.510849
12_79519122	12_79588510_G_A	79588510	0.8855	0.9772	2.42417568719288e-05	79.58851
12_79519122	12_79472792_C_A	79472792	0.6426	0.07745	2.38650197451255e-05	79.472792
12_79519122	12_79525109_C_G	79525109	0.8886	0.2199	2.36952216422104e-05	79.525109
12_79519122	12_79534106_T_G	79534106	0.0006817	0.02043	2.3525296016991e-05	79.534106
12_79519122	12_79532492_T_C	79532492	0.0001709	0.05308	2.30481468282443e-05	79.532492
12_79519122	12_79486922_G_A	79486922	0.9061	0.2165	2.21001207172298e-05	79.486922
12_79519122	12_79443453_C_G	79443453	0.9157	0.6528	2.19165623698262e-05	79.443453
12_79519122	12_79430875_A_G	79430875	0.9434	0.9327	2.14395861290207e-05	79.430875
12_79519122	12_79481634_A_G	79481634	0.01597	0.001073	2.08945577130546e-05	79.481634
12_79519122	12_79520186_A_T	79520186	0.001343	0.0005442	2.08719395495618e-05	79.520186
12_79519122	12_79605583_G_C	79605583	0.6167	0.7211	2.05993356157203e-05	79.605583
12_79519122	12_79503598_T_G	79503598	0.8996	0.2592	2.0581223712777e-05	79.503598
12_79519122	12_79490024_C_G	79490024	0.9583	0.2909	2.05055490929755e-05	79.490024
12_79519122	12_79500962_T_A	79500962	0.01931	0.0008759	2.04191683132113e-05	79.500962
12_79519122	12_79442837_G_A	79442837	0.9816	0.9201	1.95591275568759e-05	79.442837
12_79519122	12_79553425_G_C	79553425	0.0004343	0.006715	1.86628225337032e-05	79.553425
12_79519122	12_79599153_C_T	79599153	0.8468	0.9527	1.76069051506624e-05	79.599153
12_79519122	12_79421033_C_A	79421033	0.6068	0.9945	1.72522524695655e-05	79.421033
12_79519122	12_79441343_G_T	79441343	0.902	0.9201	1.55529824439287e-05	79.441343
12_79519122	12_79483839_C_A	79483839	0.01175	0.001052	1.45155164905809e-05	79.483839
12_79519122	12_79511110_A_G	79511110	0.9314	0.2592	1.37436242119503e-05	79.51111
12_79519122	12_79488561_C_G	79488561	0.9553	0.2165	1.3739583914821e-05	79.488561
12_79519122	12_79575549_C_A	79575549	0.8934	0.9721	1.29351235758355e-05	79.575549
12_79519122	12_79567522_T_C	79567522	0.0005625	0.006715	1.24641664261476e-05	79.567522
12_79519122	12_79486100_T_G	79486100	0.9542	0.2909	1.19226476419412e-05	79.4861
12_79519122	12_79440135_T_C	79440135	0.9639	0.9419	1.03669893543706e-05	79.440135
12_79519122	12_79552186_C_T	79552186	0.0003077	0.006099	1.00550692778365e-05	79.552186
12_79519122	12_79608823_T_G	79608823	0.5319	0.4841	9.75770775245387e-06	79.608823
12_79519122	12_79561604_C_A	79561604	0.3285	0.239	9.75260705248773e-06	79.561604
12_79519122	12_79432941_C_T	79432941	0.966	0.9674	9.50808303307875e-06	79.432941
12_79519122	12_79441828_A_G	79441828	0.05234	0.2847	8.66725520467523e-06	79.441828
12_79519122	12_79460072_G_A	79460072	0.5607	0.02357	8.58719549033142e-06	79.460072
12_79519122	12_79550814_C_T	79550814	0.0001598	0.07266	8.51107428655089e-06	79.550814
12_79519122	12_79558172_G_A	79558172	0.0004683	0.006715	8.43663182250672e-06	79.558172
12_79519122	12_79533538_G_C	79533538	0.0006852	0.06491	8.30411492751455e-06	79.533538
12_79519122	12_79520707_G_A	79520707	0.00195	0.0005823	8.02331271821682e-06	79.520707
12_79519122	12_79470423_G_T	79470423	0.4869	0.07519	7.99239318756146e-06	79.470423
12_79519122	12_79552449_A_G	79552449	0.2004	0.6633	7.76529594336317e-06	79.552449
12_79519122	12_79578446_C_G	79578446	0.8778	0.901	7.69727217475956e-06	79.578446
12_79519122	12_79481302_T_C	79481302	0.4814	0.1274	7.49925618964401e-06	79.481302
12_79519122	12_79553904_G_T	79553904	0.000455	0.006715	7.43373608860305e-06	79.553904
12_79519122	12_79555371_C_T	79555371	0.0004511	0.006715	7.4297444838726e-06	79.555371
12_79519122	12_79590627_G_A	79590627	0.3709	0.3952	7.28240847937386e-06	79.590627
12_79519122	12_79526026_T_C	79526026	0.009722	0.00214	7.19646567444153e-06	79.526026
12_79519122	12_79513634_A_G	79513634	0.8914	0.2199	7.12383138281894e-06	79.513634
12_79519122	12_79445453_A_C	79445453	0.9655	0.4968	6.7930010085935e-06	79.445453
12_79519122	12_79449407_G_A	79449407	0.3145	0.3178	6.60942329422965e-06	79.449407
12_79519122	12_79457587_C_T	79457587	0.01326	0.1628	6.44166140920083e-06	79.457587
12_79519122	12_79488769_T_C	79488769	0.9551	0.2909	6.40341758278341e-06	79.488769
12_79519122	12_79559665_A_G	79559665	0.0004216	0.006715	6.09675475041047e-06	79.559665
12_79519122	12_79588395_C_T	79588395	0.9632	0.7326	5.86245943281991e-06	79.588395
12_79519122	12_79585466_A_G	79585466	0.9629	0.7417	5.74236321236754e-06	79.585466
12_79519122	12_79475258_A_G	79475258	0.0008195	0.0001601	5.66630532013377e-06	79.475258
12_79519122	12_79480629_C_T	79480629	0.01032	0.001052	5.27572118170488e-06	79.480629
12_79519122	12_79572539_A_G	79572539	0.8822	0.6139	5.01841266229665e-06	79.572539
12_79519122	12_79592680_T_C	79592680	0.6727	0.2672	4.66031798868056e-06	79.59268
12_79519122	12_79597425_T_G	79597425	0.9552	0.7087	4.33418397617059e-06	79.597425
12_79519122	12_79502630_A_C	79502630	0.9042	0.2592	2.89613283505521e-06	79.50263
12_79519122	12_79460192_T_A	79460192	0.000155	0.01698	3.12209906816778e-07	79.460192
12_79519122	12_79529279_A_G	79529279	0.000311	0.05308	1.61076828423724e-07	79.529279
12_79519122	12_79548765_A_G	79548765	0.0002313	0.05457	1.57124040675816e-07	79.548765
12_79519122	12_79573796_T_C	79573796	0.8872	0.9721	1.37553069771736e-07	79.573796
12_79519122	12_79539889_A_G	79539889	0.000167	0.04078	1.30573247367166e-07	79.539889
12_79519122	12_79614155_G_T	79614155	0.7765	0.1721	1.19705266074905e-07	79.614155
12_79519122	12_79512503_C_T	79512503	0.01053	0.000995	1.03310026100744e-07	79.512503
12_79519122	12_79553176_T_C	79553176	0.0003624	0.006715	1.01647211870691e-07	79.553176
12_79519122	12_79454812_T_C	79454812	0.9138	0.7462	8.96056785825205e-08	79.454812
12_79519122	12_79581888_T_C	79581888	0.9814	0.7326	8.3485850037633e-08	79.581888
12_79519122	12_79527159_G_A	79527159	6.077e-05	0.05726	7.63140884214753e-08	79.527159
12_79519122	12_79616079_A_G	79616079	0.8082	0.9329	7.62098766133536e-08	79.616079
12_79519122	12_79588047_T_G	79588047	0.8615	0.9772	6.9074136901902e-08	79.588047
12_79519122	12_79564631_T_C	79564631	0.6779	0.03439	6.86776394924787e-08	79.564631
12_79519122	12_79421729_G_A	79421729	0.6474	0.7397	6.76873531537362e-08	79.421729
12_79519122	12_79585041_G_A	79585041	0.09756	0.3609	6.74623416966972e-08	79.585041
12_79519122	12_79550993_C_T	79550993	0.8542	0.6768	6.67487224673065e-08	79.550993
12_79519122	12_79549941_G_A	79549941	0.0008478	0.06717	6.16176551168687e-08	79.549941
12_79519122	12_79487817_C_T	79487817	0.9564	0.3137	5.70517509877209e-08	79.487817
12_79519122	12_79562360_C_T	79562360	0.0002851	0.006715	5.69405326206096e-08	79.56236
12_79519122	12_79475065_C_T	79475065	0.2361	0.8665	5.6782359916141e-08	79.475065
12_79519122	12_79450402_A_G	79450402	0.9472	0.97	5.52487861313487e-08	79.450402
12_79519122	12_79578860_C_G	79578860	0.0949	0.3609	5.46187019042005e-08	79.57886
12_79519122	12_79574431_T_A	79574431	3.16e-05	0.0001544	5.45444642977772e-08	79.574431
12_79519122	12_79605704_A_G	79605704	0.8357	0.9419	5.41722989054079e-08	79.605704
12_79519122	12_79547352_G_A	79547352	0.0002306	0.04203	5.34812279323401e-08	79.547352
12_79519122	12_79610745_C_A	79610745	0.8123	0.983	5.33866292682027e-08	79.610745
12_79519122	12_79553947_G_A	79553947	0.0005121	0.006715	5.22148660513687e-08	79.553947
12_79519122	12_79617876_C_T	79617876	0.8227	0.8725	5.19882469631933e-08	79.617876
12_79519122	12_79501141_A_G	79501141	0.002103	0.0004958	5.18205566377795e-08	79.501141
12_79519122	12_79480048_A_C	79480048	0.3486	0.07519	5.1057919732158e-08	79.480048
12_79519122	12_79615055_T_G	79615055	0.8304	0.9329	5.08480879818971e-08	79.615055
12_79519122	12_79460413_C_T	79460413	0.9959	0.9459	5.05172740460413e-08	79.460413
12_79519122	12_79485931_C_T	79485931	0.0002337	0.0001817	5.04639124671953e-08	79.485931
12_79519122	12_79494473_G_A	79494473	0.9469	0.2165	4.98428491772361e-08	79.494473
12_79519122	12_79596601_G_C	79596601	0.3755	0.3952	4.92146355027996e-08	79.596601
12_79519122	12_79494991_C_T	79494991	0.9077	0.2165	4.89459850249606e-08	79.494991
12_79519122	12_79584218_A_G	79584218	0.6902	0.2672	4.85939541812099e-08	79.584218
12_79519122	12_79482725_G_T	79482725	0.952	0.2449	4.8525437638959e-08	79.482725
12_79519122	12_79443825_T_G	79443825	0.6199	0.2576	4.56399085041351e-08	79.443825
12_79519122	12_79424008_G_A	79424008	0.7496	0.5846	4.53294635184268e-08	79.424008
12_79519122	12_79497400_A_C	79497400	0.002122	0.0004958	4.50175128277965e-08	79.4974
12_79519122	12_79575315_T_A	79575315	0.09307	0.3873	4.47766575887276e-08	79.575315
12_79519122	12_79490858_T_A	79490858	0.9558	0.2576	4.45975762478511e-08	79.490858
12_79519122	12_79550278_C_T	79550278	0.0001514	0.05549	4.43154741894382e-08	79.550278
12_79519122	12_79478068_G_T	79478068	1.078e-07	0.0001071	4.38370967692994e-08	79.478068
12_79519122	12_79551400_G_A	79551400	0.7338	0.08133	4.37863021153776e-08	79.5514
12_79519122	12_79594953_C_T	79594953	0.2713	0.3952	4.3364343591019e-08	79.594953
12_79519122	12_79517330_A_G	79517330	0.8593	0.3118	4.29655881016778e-08	79.51733
12_79519122	12_79537657_G_A	79537657	0.0003304	0.04078	4.21716310519086e-08	79.537657
12_79519122	12_79497666_A_G	79497666	0.9068	0.2909	4.19443243840655e-08	79.497666
12_79519122	12_79565411_A_G	79565411	0.0004807	0.006715	3.65181622784208e-08	79.565411
12_79519122	12_79582563_A_G	79582563	0.5364	0.7591	3.63722797639607e-08	79.582563
12_79519122	12_79540781_C_T	79540781	0.3232	0.05897	3.61764550385353e-08	79.540781
12_79519122	12_79467497_G_C	79467497	0.0007233	0.000191	3.55814115762444e-08	79.467497
12_79519122	12_79491756_A_G	79491756	0.9077	0.2909	3.55499511789802e-08	79.491756
12_79519122	12_79538823_G_A	79538823	0.0001672	0.04078	3.53314476678702e-08	79.538823
12_79519122	12_79471783_C_A	79471783	0.5879	0.07745	3.29544858330333e-08	79.471783
12_79519122	12_79464588_G_A	79464588	0.4387	0.07519	3.24733999272574e-08	79.464588
12_79519122	12_79614681_C_G	79614681	0.8127	0.9329	3.2431683945976e-08	79.614681
12_79519122	12_79599820_G_A	79599820	0.393	0.3483	3.16661744174042e-08	79.59982
12_79519122	12_79515165_A_G	79515165	0.01403	0.001015	3.16136602118684e-08	79.515165
12_79519122	12_79425223_T_C	79425223	0.6588	0.5843	3.09343662588708e-08	79.425223
12_79519122	12_79567138_G_A	79567138	0.000499	0.006715	3.07604642795067e-08	79.567138
12_79519122	12_79491178_G_A	79491178	0.01936	0.001454	2.76996713998971e-08	79.491178
12_79519122	12_79572668_T_A	79572668	0.854	0.3226	2.66315630188384e-08	79.572668
12_79519122	12_79521179_G_A	79521179	0.001957	0.0005823	2.61055813557947e-08	79.521179
12_79519122	12_79450666_A_G	79450666	0.9346	0.97	2.58398820672258e-08	79.450666
12_79519122	12_79568343_A_G	79568343	0.09534	0.2693	2.57169522400609e-08	79.568343
12_79519122	12_79519020_C_T	79519020	0.001328	0.0005442	2.56494934638119e-08	79.51902
12_79519122	12_79497150_C_T	79497150	0.01208	0.001218	2.56407988286692e-08	79.49715
12_79519122	12_79523181_G_A	79523181	0.01344	0.0007282	2.56388269323236e-08	79.523181
12_79519122	12_79600377_A_C	79600377	0.38	0.3483	2.56381725101905e-08	79.600377
12_79519122	12_79599096_G_A	79599096	0.3759	0.3483	2.56336317999475e-08	79.599096
12_79519122	12_79465533_T_C	79465533	0.6184	0.5206	2.561768497387e-08	79.465533
12_79519122	12_79496952_T_G	79496952	0.001399	0.0004958	2.55679556211144e-08	79.496952
12_79519122	12_79481756_A_G	79481756	0.8454	0.0392	2.55572056783226e-08	79.481756
12_79519122	12_79539816_C_T	79539816	0.000151	0.04078	2.55356765075034e-08	79.539816
12_79519122	12_79532436_C_T	79532436	0.0001096	0.003616	2.55347555200281e-08	79.532436
12_79519122	12_79611374_C_T	79611374	0.8102	0.974	2.55325807035177e-08	79.611374
12_79519122	12_79554733_C_T	79554733	0.0004524	0.006715	2.55212538123841e-08	79.554733
12_79519122	12_79491305_C_T	79491305	0.5849	0.8391	2.55205842219964e-08	79.491305
12_79519122	12_79602576_C_G	79602576	0.3473	0.7502	2.55202767030623e-08	79.602576
12_79519122	12_79517309_T_C	79517309	0.00151	0.0005442	2.52971875429997e-08	79.517309
12_79519122	12_79585008_C_T	79585008	0.9868	0.7417	2.52574724753236e-08	79.585008
12_79519122	12_79461918_A_G	79461918	0.4217	0.07519	2.52287886286075e-08	79.461918
12_79519122	12_79523623_A_G	79523623	0.002109	0.0006057	2.50638104925139e-08	79.523623
12_79519122	12_79505136_T_C	79505136	0.01287	0.001321	2.46055085807464e-08	79.505136
12_79519122	12_79606131_G_A	79606131	6.18e-05	0.0001544	2.45143112866412e-08	79.606131
12_79519122	12_79464486_T_C	79464486	0.4448	0.07519	2.4504813189097e-08	79.464486
12_79519122	12_79472591_C_A	79472591	0.4763	0.07519	2.45017009616844e-08	79.472591
12_79519122	12_79587938_G_A	79587938	0.8094	0.7939	2.4501094525941e-08	79.587938
12_79519122	12_79519746_T_C	79519746	0.858	0.2632	2.42865476685417e-08	79.519746
12_79519122	12_79495875_A_G	79495875	0.002171	0.0004958	2.42738234910575e-08	79.495875
12_79519122	12_79588427_C_G	79588427	0.8768	0.9772	2.42322481838348e-08	79.588427
12_79519122	12_79576927_C_T	79576927	0.8698	0.8781	2.42074099041297e-08	79.576927
12_79519122	12_79520178_T_C	79520178	0.001388	0.0005442	2.41844776922949e-08	79.520178
12_79519122	12_79441371_G_A	79441371	0.01691	0.1628	2.41696202565484e-08	79.441371
12_79519122	12_79422047_C_T	79422047	0.6859	0.9945	2.4099674032334e-08	79.422047
12_79519122	12_79542239_T_C	79542239	2.455e-06	3.512e-05	2.40963489910937e-08	79.542239
12_79519122	12_79546722_T_C	79546722	0.000234	0.04203	2.37806800972772e-08	79.546722
12_79519122	12_79461274_A_G	79461274	0.0002554	0.01698	2.34476384363534e-08	79.461274
12_79519122	12_79533690_G_A	79533690	0.4969	0.01696	2.34431760276198e-08	79.53369
12_79519122	12_79597159_G_T	79597159	0.9731	0.6769	2.32907993276294e-08	79.597159
12_79519122	12_79499746_T_A	79499746	0.9063	0.2165	2.32881547341139e-08	79.499746
12_79519122	12_79610313_C_T	79610313	0.4917	0.3762	2.32849583260647e-08	79.610313
12_79519122	12_79618654_G_C	79618654	0.2223	0.2659	2.32803793671172e-08	79.618654
12_79519122	12_79462160_C_G	79462160	0.621	0.07519	2.31870101558815e-08	79.46216
12_79519122	12_79548360_T_C	79548360	0.9898	0.03119	2.31857316509083e-08	79.54836
12_79519122	12_79473829_G_A	79473829	0.5783	0.07745	2.3181392685914e-08	79.473829
12_79519122	12_79523379_A_C	79523379	0.5885	0.01163	2.31803583543082e-08	79.523379
12_79519122	12_79462522_G_A	79462522	0.484	0.07519	2.2968737845452e-08	79.462522
12_79519122	12_79546876_A_C	79546876	0.0002612	0.04203	2.29516444345212e-08	79.546876
12_79519122	12_79455920_T_C	79455920	0.9244	0.7634	2.26479401713636e-08	79.45592
12_79519122	12_79452949_A_T	79452949	0.5263	0.02357	2.17613593971531e-08	79.452949
12_79519122	12_79542078_A_G	79542078	0.0002159	0.001438	2.05851062564895e-08	79.542078
12_79519122	12_79591108_G_A	79591108	0.8577	0.9527	2.00528517900047e-08	79.591108
12_79519122	12_79474448_A_G	79474448	0.8859	0.2749	1.98326408557103e-08	79.474448
12_79519122	12_79458889_G_T	79458889	0.8091	0.01389	1.8738243340921e-08	79.458889
12_79519122	12_79514386_T_G	79514386	0.002205	0.0004958	1.76858576048912e-08	79.514386
12_79519122	12_79470972_G_C	79470972	0.2738	0.1165	1.75563452210018e-08	79.470972
12_79519122	12_79519723_C_A	79519723	0.2126	0.1814	1.6840707366081e-08	79.519723
12_79519122	12_79460171_A_T	79460171	0.9509	0.9185	1.67638783411996e-08	79.460171
12_79519122	12_79422349_A_G	79422349	0.6943	0.9945	1.59517774032565e-08	79.422349
12_79519122	12_79526275_C_A	79526275	0.005078	0.01169	1.59133833803739e-08	79.526275
12_79519122	12_79453693_C_T	79453693	0.8774	0.6173	1.54116558278627e-08	79.453693
12_79519122	12_79567876_T_C	79567876	0.3701	0.1505	1.52946445895572e-08	79.567876
12_79519122	12_79597448_G_T	79597448	0.8544	0.9527	1.43804911173218e-08	79.597448
12_79519122	12_79488222_A_G	79488222	0.9555	0.2165	1.40179427553261e-08	79.488222
12_79519122	12_79524339_G_A	79524339	0.001945	0.0007101	1.39623987768892e-08	79.524339
12_79519122	12_79475227_T_C	79475227	0.3969	0.07519	1.33093195158809e-08	79.475227
12_79519122	12_79596002_C_T	79596002	0.8768	0.9527	1.30235791210304e-08	79.596002
12_79519122	12_79517364_T_A	79517364	0.8632	0.3118	1.29904045029162e-08	79.517364
12_79519122	12_79514157_A_G	79514157	0.002214	0.0004958	1.23119847220377e-08	79.514157
12_79519122	12_79569387_T_A	79569387	0.9202	0.5848	1.22349478700087e-08	79.569387
12_79519122	12_79440014_T_G	79440014	0.6199	0.3721	1.21836564995581e-08	79.440014
12_79519122	12_79508771_C_G	79508771	0.02142	0.0009161	1.13549798722218e-08	79.508771
12_79519122	12_79573480_G_A	79573480	0.6254	0.1122	1.08321239266566e-08	79.57348
12_79519122	12_79473084_C_T	79473084	0.5476	0.07745	1.06547494807939e-08	79.473084
12_79519122	12_79569861_C_T	79569861	0.9168	0.6139	1.03316559675399e-08	79.569861
12_79519122	12_79494229_C_G	79494229	0.9481	0.2165	1.02878941150743e-08	79.494229
12_79519122	12_79548621_A_G	79548621	0.0002366	0.05457	9.74848573526434e-09	79.548621
12_79519122	12_79564054_A_G	79564054	0.0005387	0.006715	9.48158881063956e-09	79.564054
12_79519122	12_79605896_A_G	79605896	0.9659	0.6127	9.39316199101745e-09	79.605896
12_79519122	12_79453647_A_G	79453647	0.6176	0.6262	9.31076616847931e-09	79.453647
12_79519122	12_79488323_A_G	79488323	0.9086	0.2449	9.24222280598696e-09	79.488323
12_79519122	12_79597217_G_A	79597217	0.9437	0.7087	9.2363221373087e-09	79.597217
12_79519122	12_79566295_G_C	79566295	0.0005331	0.006715	9.11477925815349e-09	79.566295
12_79519122	12_79533379_G_A	79533379	0.0001576	0.06574	9.05166336711274e-09	79.533379
12_79519122	12_79485668_A_T	79485668	0.002067	0.0004958	8.96793973492349e-09	79.485668
12_79519122	12_79539071_T_C	79539071	0.0001662	0.04078	8.96536049029906e-09	79.539071
12_79519122	12_79459992_T_A	79459992	0.3734	0.04224	8.83528569276264e-09	79.459992
12_79519122	12_79456455_T_A	79456455	0.1748	0.358	7.49694800081335e-09	79.456455
12_79519122	12_79456543_C_T	79456543	0.9113	0.7634	7.46867898860979e-09	79.456543
12_79519122	12_79458291_A_G	79458291	0.01587	0.1628	6.89184490285959e-09	79.458291
12_79519122	12_79612005_T_G	79612005	0.8183	0.9548	6.45261012924288e-09	79.612005
12_79519122	12_79566241_G_A	79566241	0.0004682	0.01053	6.34930770840574e-09	79.566241
12_79519122	12_79536718_G_A	79536718	0.0002046	0.03781	6.24278224764081e-09	79.536718
12_79519122	12_79517946_T_C	79517946	0.001523	0.0005442	5.87231499132136e-09	79.517946
12_79519122	12_79616265_A_G	79616265	0.8301	0.8725	5.67383679441634e-09	79.616265
12_79519122	12_79478847_C_G	79478847	0.001246	0.0002999	5.58294500846604e-09	79.478847
12_79519122	12_79538419_C_T	79538419	0.0001677	0.04078	5.5081326434435e-09	79.538419
12_79519122	12_79584903_T_C	79584903	0.9034	0.9772	5.20922307204599e-09	79.584903
12_79519122	12_79560699_C_T	79560699	0.000261	0.006715	5.20014359206353e-09	79.560699
12_79519122	12_79432174_A_G	79432174	0.622	0.7312	4.98674214149954e-09	79.432174
12_79519122	12_79506862_G_A	79506862	0.9029	0.2165	4.7852999192449e-09	79.506862
12_79519122	12_79612794_C_T	79612794	0.3116	0.8452	4.44284602568729e-09	79.612794
12_79519122	12_79603499_C_T	79603499	6.118e-05	0.0001544	4.32987153184259e-09	79.603499
12_79519122	12_79613027_C_T	79613027	0.8093	0.974	4.28370505544391e-09	79.613027
12_79519122	12_79564482_A_G	79564482	0.0008519	0.007236	4.20218905058623e-09	79.564482
12_79519122	12_79426696_T_C	79426696	0.5704	0.1067	4.19084038939268e-09	79.426696
12_79519122	12_79529201_C_A	79529201	0.0003077	0.06743	4.16906896506603e-09	79.529201
12_79519122	12_79533401_T_C	79533401	0.8267	0.7042	4.15077030614031e-09	79.533401
12_79519122	12_79494691_G_A	79494691	0.9464	0.2165	4.14873910733687e-09	79.494691
12_79519122	12_79495965_A_T	79495965	0.9055	0.2165	4.13713270999316e-09	79.495965
12_79519122	12_79522851_T_C	79522851	0.01475	0.001015	4.12526328970825e-09	79.522851
12_79519122	12_79529650_T_C	79529650	0.000247	0.06743	4.12204238100686e-09	79.52965
12_79519122	12_79534793_A_G	79534793	0.000163	0.06574	4.11841914498488e-09	79.534793
12_79519122	12_79433205_G_A	79433205	0.6497	0.3562	3.98202231387114e-09	79.433205
12_79519122	12_79428340_T_C	79428340	0.5726	0.1067	3.97848716219132e-09	79.42834
12_79519122	12_79609668_G_A	79609668	0.8352	0.974	3.97573542476926e-09	79.609668
12_79519122	12_79422536_A_G	79422536	0.9643	0.5239	3.96908271391766e-09	79.422536
12_79519122	12_79454206_T_C	79454206	0.8516	0.8442	3.96530287150936e-09	79.454206
12_79519122	12_79504270_C_T	79504270	0.01489	0.0008759	3.96271664635072e-09	79.50427
12_79519122	12_79450758_G_A	79450758	0.01351	0.1628	3.96023057047655e-09	79.450758
12_79519122	12_79612479_C_G	79612479	0.8439	0.8945	3.95818187039102e-09	79.612479
12_79519122	12_79599116_C_T	79599116	0.8497	0.9527	3.95715566183008e-09	79.599116
12_79519122	12_79538404_G_T	79538404	0.0004438	0.06393	3.95709561474515e-09	79.538404
12_79519122	12_79439178_T_C	79439178	0.9201	0.9419	3.95679905753601e-09	79.439178
12_79519122	12_79615240_C_T	79615240	0.8066	0.9329	3.95365740641273e-09	79.61524
12_79519122	12_79518304_C_A	79518304	0.0009515	0.0005442	3.95201572107361e-09	79.518304
12_79519122	12_79586273_T_C	79586273	0.9851	0.7326	3.43284304006264e-09	79.586273
12_79519122	12_79524642_C_A	79524642	0.7941	0.2199	2.93338244299622e-09	79.524642
12_79519122	12_79533626_C_G	79533626	0.0001682	0.05308	2.90139757143186e-09	79.533626
12_79519122	12_79490847_T_C	79490847	0.9088	0.2909	2.87383847164756e-09	79.490847
12_79519122	12_79510815_T_G	79510815	0.013	0.0009161	2.84751229259011e-09	79.510815
12_79519122	12_79499265_C_T	79499265	0.3499	0.07519	2.84561612628022e-09	79.499265
12_79519122	12_79515706_T_G	79515706	0.001652	0.0004622	2.84121370073766e-09	79.515706
12_79519122	12_79526915_G_C	79526915	0.02068	0.135	2.83202955739567e-09	79.526915
12_79519122	12_79548438_G_T	79548438	0.2069	0.02224	2.83163510810463e-09	79.548438
12_79519122	12_79575645_A_T	79575645	0.901	0.9721	2.78881462681075e-09	79.575645
12_79519122	12_79454982_C_T	79454982	0.04844	0.7751	2.77314823296392e-09	79.454982
12_79519122	12_79520816_G_A	79520816	0.01681	0.0007282	2.74792956036756e-09	79.520816
12_79519122	12_79535708_C_G	79535708	0.0001742	0.04078	2.74192968584955e-09	79.535708
12_79519122	12_79460743_G_T	79460743	0.9412	0.1488	2.73097485572269e-09	79.460743
12_79519122	12_79556005_C_T	79556005	0.0004154	0.006715	2.72851454276259e-09	79.556005
12_79519122	12_79558900_C_T	79558900	0.7533	0.9574	2.71757823707387e-09	79.5589
12_79519122	12_79612509_C_A	79612509	6.286e-05	0.0001544	2.70747760155285e-09	79.612509
12_79519122	12_79499386_C_T	79499386	0.9128	0.2165	2.7014828848719e-09	79.499386
12_79519122	12_79441257_C_G	79441257	0.6723	0.3363	2.69922812270676e-09	79.441257
12_79519122	12_79475773_A_G	79475773	0.5569	0.07745	2.69660645141542e-09	79.475773
12_79519122	12_79526413_A_G	79526413	0.002397	0.0004173	2.69634797884315e-09	79.526413
12_79519122	12_79618807_T_C	79618807	0.8205	0.8725	2.6959993053501e-09	79.618807
12_79519122	12_79617480_C_T	79617480	0.3085	0.8452	2.68751804911757e-09	79.61748
12_79519122	12_79509850_T_A	79509850	0.4314	0.01163	2.68643169132705e-09	79.50985
12_79519122	12_79600450_G_A	79600450	0.967	0.6738	2.61844219880379e-09	79.60045
12_79519122	12_79605224_T_A	79605224	0.8346	0.9432	2.61679857581871e-09	79.605224
12_79519122	12_79615569_G_T	79615569	0.8089	0.9329	2.61143570175147e-09	79.615569
12_79519122	12_79471841_G_A	79471841	0.4458	0.07519	2.60673757248239e-09	79.471841
12_79519122	12_79588959_G_A	79588959	0.4505	0.7612	2.60335775718627e-09	79.588959
12_79519122	12_79518644_C_G	79518644	0.01578	0.001015	2.60262665065561e-09	79.518644
12_79519122	12_79461083_T_C	79461083	0.5744	0.07745	2.60133646561045e-09	79.461083
12_79519122	12_79445528_C_T	79445528	0.8913	0.7448	2.60077584907675e-09	79.445528
12_79519122	12_79516363_T_A	79516363	0.8495	0.2632	2.59777311246026e-09	79.516363
12_79519122	12_79610263_C_T	79610263	0.8249	0.974	2.5933969478887e-09	79.610263
12_79519122	12_79557361_G_A	79557361	0.0007201	0.007236	2.59268323578531e-09	79.557361
12_79519122	12_79607471_G_A	79607471	0.1087	0.2657	2.59253881123966e-09	79.607471
12_79519122	12_79522129_T_C	79522129	0.001913	0.0005823	2.59032209730229e-09	79.522129
12_79519122	12_79609654_A_C	79609654	0.9668	0.1963	2.58969496080493e-09	79.609654
12_79519122	12_79600060_C_A	79600060	0.8545	0.9527	2.5889414885848e-09	79.60006
12_79519122	12_79524748_A_G	79524748	0.00193	0.0007101	2.5887908670624e-09	79.524748
12_79519122	12_79555539_C_T	79555539	0.000449	0.006715	2.58708043872889e-09	79.555539
12_79519122	12_79486799_A_G	79486799	0.9591	0.2909	2.58699793173194e-09	79.486799
12_79519122	12_79612545_G_A	79612545	0.8125	0.983	2.5868085666743e-09	79.612545
12_79519122	12_79601237_G_A	79601237	0.9521	0.6649	2.58467734104409e-09	79.601237
12_79519122	12_79523529_A_G	79523529	0.001868	0.0007101	2.58156383411344e-09	79.523529
12_79519122	12_79520099_A_G	79520099	0.0165	0.0007282	2.57943881929308e-09	79.520099
12_79519122	12_79613486_C_G	79613486	0.827	0.9329	2.57918641336936e-09	79.613486
12_79519122	12_79524416_C_T	79524416	0.1828	0.6116	2.57849921400821e-09	79.524416
12_79519122	12_79586099_T_C	79586099	0.9926	0.7326	2.57436672781381e-09	79.586099
12_79519122	12_79524203_G_A	79524203	0.0022	0.0006057	2.56921233430438e-09	79.524203
12_79519122	12_79483041_G_A	79483041	0.954	0.2449	2.56742109336508e-09	79.483041
12_79519122	12_79473659_G_T	79473659	0.001502	0.002036	2.56576066741142e-09	79.473659
12_79519122	12_79547083_G_C	79547083	0.0002363	0.04203	2.56459672365067e-09	79.547083
12_79519122	12_79538286_T_C	79538286	0.000136	0.04078	2.5645376835782e-09	79.538286
12_79519122	12_79563515_T_G	79563515	0.0007624	0.007236	2.56267146815976e-09	79.563515
12_79519122	12_79482809_A_G	79482809	0.7006	0.2449	2.56247154669902e-09	79.482809
12_79519122	12_79603736_C_T	79603736	0.8679	0.03439	2.55674065139284e-09	79.603736
12_79519122	12_79572677_C_A	79572677	0.8579	0.3226	2.55440495235554e-09	79.572677
12_79519122	12_79617524_G_A	79617524	0.9138	0.2168	2.55245253969925e-09	79.617524
12_79519122	12_79523492_G_A	79523492	0.8026	0.2613	2.55026206458202e-09	79.523492
12_79519122	12_79510944_A_G	79510944	0.8929	0.2592	2.54628353574665e-09	79.510944
12_79519122	12_79566981_T_G	79566981	0.0008666	0.007236	2.54583131104362e-09	79.566981
12_79519122	12_79424014_C_G	79424014	0.8489	0.9782	2.54471901632322e-09	79.424014
12_79519122	12_79469042_C_T	79469042	0.000449	0.0001776	2.54389108735308e-09	79.469042
12_79519122	12_79586481_G_A	79586481	0.1516	0.05267	2.54312057329814e-09	79.586481
12_79519122	12_79595885_G_T	79595885	0.9448	0.6998	2.54232182975466e-09	79.595885
12_79519122	12_79464069_T_C	79464069	0.4189	0.07519	2.54178393039189e-09	79.464069
12_79519122	12_79445938_G_A	79445938	0.9725	0.97	2.54001510534017e-09	79.445938
12_79519122	12_79554633_G_A	79554633	0.0004538	0.006715	2.53861844454186e-09	79.554633
12_79519122	12_79515383_C_T	79515383	0.0002272	0.0001817	2.53455117313851e-09	79.515383
12_79519122	12_79567663_C_T	79567663	0.0004115	0.006715	2.5343832103775e-09	79.567663
