edsite	SNP	BP	GWAS_P	EQTL_P	PP_H4	BP_Mb
1_109892140	1_109950858_T_C	109950858	0.0002623	1.99e-15	0.033630636479563	109.950858
1_109892140	1_109853935_T_A	109853935	0.7877	0.3756	0.0209526166167049	109.853935
1_109892140	1_109833154_G_A	109833154	0.7703	0.7783	0.0207531881433117	109.833154
1_109892140	1_109882250_T_A	109882250	0.0002453	2.272e-15	0.0204572689418169	109.88225
1_109892140	1_109954355_C_G	109954355	0.0003469	1.177e-15	0.0195211695546021	109.954355
1_109892140	1_109986724_G_A	109986724	0.5617	0.5525	0.0153716630372649	109.986724
1_109892140	1_109955569_T_C	109955569	0.1516	0.1116	0.0152468745052746	109.955569
1_109892140	1_109793034_C_T	109793034	0.5556	0.1665	0.0152034220854695	109.793034
1_109892140	1_109935325_C_T	109935325	0.0002747	1.99e-15	0.0150300041672509	109.935325
1_109892140	1_109962642_G_C	109962642	0.0002748	1.99e-15	0.014950068504508	109.962642
1_109892140	1_109833976_A_G	109833976	0.7906	0.7783	0.0148982898777534	109.833976
1_109892140	1_109900707_C_G	109900707	0.0002684	2.272e-15	0.0147084481913194	109.900707
1_109892140	1_109836842_C_G	109836842	0.809	0.9561	0.0147071456174054	109.836842
1_109892140	1_109927249_T_G	109927249	0.9095	0.4337	0.014679341928905	109.927249
1_109892140	1_109953510_G_A	109953510	0.3259	0.07722	0.0144492993132935	109.95351
1_109892140	1_109896806_T_C	109896806	0.5495	0.4531	0.0143088474161795	109.896806
1_109892140	1_109878903_C_G	109878903	0.634	0.4337	0.0142022823482828	109.878903
1_109892140	1_109813485_C_T	109813485	0.2184	0.6444	0.0141686327187756	109.813485
1_109892140	1_109834449_C_T	109834449	0.7817	0.7783	0.0141528410844327	109.834449
1_109892140	1_109926828_T_C	109926828	0.0002688	1.99e-15	0.0140255316121821	109.926828
1_109892140	1_109894781_T_G	109894781	0.1648	0.1116	0.0139579788714436	109.894781
1_109892140	1_109910502_C_T	109910502	0.7908	0.9618	0.0137458986423286	109.910502
1_109892140	1_109962440_A_C	109962440	0.1397	0.1933	0.0137027244898844	109.96244
1_109892140	1_109832890_C_T	109832890	0.7776	0.7783	0.0133896132502946	109.83289
1_109892140	1_109856843_G_T	109856843	0.4025	0.03729	0.0132451956381118	109.856843
1_109892140	1_109959032_C_T	109959032	0.2379	0.3739	0.0130393935833338	109.959032
1_109892140	1_109861080_C_G	109861080	0.2003	0.04591	0.012946320859589	109.86108
1_109892140	1_109839954_G_C	109839954	0.3809	0.6451	0.0127486130497247	109.839954
1_109892140	1_109800131_A_G	109800131	0.0557	0.07353	0.0123041157018609	109.800131
1_109892140	1_109894589_T_G	109894589	0.2121	0.0006381	0.0122092018539189	109.894589
1_109892140	1_109872882_A_T	109872882	0.0002592	1.048e-15	0.0120565573911912	109.872882
1_109892140	1_109797763_T_C	109797763	0.8288	0.02088	0.0119727780774106	109.797763
1_109892140	1_109808117_C_T	109808117	0.09143	0.07584	0.0118088170562723	109.808117
1_109892140	1_109873290_G_A	109873290	0.001018	7.727e-14	0.0118077348255925	109.87329
1_109892140	1_109935505_C_T	109935505	0.0002671	1.99e-15	0.0117899377978132	109.935505
1_109892140	1_109801928_T_C	109801928	0.07984	0.07353	0.0117756411494309	109.801928
1_109892140	1_109971679_G_C	109971679	0.684	0.1384	0.0117353273692177	109.971679
1_109892140	1_109879178_C_T	109879178	0.2558	0.02964	0.0115405857182934	109.879178
1_109892140	1_109909149_C_T	109909149	0.000264	1.533e-15	0.0115286385125716	109.909149
1_109892140	1_109806442_C_A	109806442	0.2565	0.3702	0.0115196353488031	109.806442
1_109892140	1_109958035_T_C	109958035	0.000341	1.177e-15	0.0114409265189678	109.958035
1_109892140	1_109891133_C_T	109891133	0.0003926	1.863e-15	0.0114216588804687	109.891133
1_109892140	1_109977607_C_T	109977607	0.04782	0.3689	0.0113003871347143	109.977607
1_109892140	1_109834114_C_T	109834114	0.783	0.7783	0.011245692125744	109.834114
1_109892140	1_109833795_T_C	109833795	0.7909	0.7783	0.0112443184614278	109.833795
1_109892140	1_109945166_A_G	109945166	0.8898	0.9609	0.0112419169312246	109.945166
1_109892140	1_109800514_C_T	109800514	0.05702	0.07353	0.0112419169312246	109.800514
1_109892140	1_109850122_C_A	109850122	0.0002496	2.272e-15	0.0112400295711943	109.850122
1_109892140	1_109886371_G_A	109886371	0.0002919	1.347e-15	0.0112230806701236	109.886371
1_109892140	1_109815746_A_G	109815746	0.8134	0.1228	0.0112193213404632	109.815746
1_109892140	1_109807283_A_T	109807283	0.4014	0.9264	0.0112058412158997	109.807283
1_109892140	1_109904971_A_T	109904971	0.0002302	2.272e-15	0.0111423206559772	109.904971
1_109892140	1_109825558_C_A	109825558	0.07464	0.6808	0.0111307593585933	109.825558
1_109892140	1_109956156_G_A	109956156	0.0002779	1.99e-15	0.0111121810005554	109.956156
1_109892140	1_109809110_G_A	109809110	0.5012	0.7161	0.0111045684279159	109.80911
1_109892140	1_109827345_T_A	109827345	0.419	0.06887	0.0109278265605741	109.827345
1_109892140	1_109834940_A_C	109834940	0.7453	0.7783	0.0109237862305248	109.83494
1_109892140	1_109829937_T_G	109829937	0.3775	0.1881	0.0109197490238192	109.829937
1_109892140	1_109845073_G_A	109845073	0.9342	0.02263	0.0108915757232182	109.845073
1_109892140	1_109798803_G_A	109798803	0.1027	0.9262	0.0107407584746851	109.798803
1_109892140	1_109871787_T_C	109871787	0.0002244	2.272e-15	0.0107096510699538	109.871787
1_109892140	1_109818306_G_T	109818306	0.4351	0.3742	0.0105838443217429	109.818306
1_109892140	1_109814721_G_A	109814721	0.1226	0.1529	0.0102766214408411	109.814721
1_109892140	1_109840629_G_A	109840629	0.0004599	2.541e-12	0.0102604778140044	109.840629
1_109892140	1_109798721_G_A	109798721	0.3267	0.366	0.0100030057579247	109.798721
1_109892140	1_109978034_C_T	109978034	0.0009383	5.72e-15	0.00963220401161558	109.978034
1_109892140	1_109841662_A_T	109841662	0.0002753	4.121e-13	0.00944632293579559	109.841662
1_109892140	1_109816189_C_T	109816189	0.01241	0.2235	0.00938384334368905	109.816189
1_109892140	1_109799394_T_G	109799394	0.05702	0.07353	0.00936246179000183	109.799394
1_109892140	1_109991009_C_A	109991009	0.002208	1.348e-13	0.00932759551066802	109.991009
1_109892140	1_109828513_A_T	109828513	0.3968	0.648	0.00906470938192228	109.828513
1_109892140	1_109864374_G_A	109864374	0.0002497	2.272e-15	0.00902879155559591	109.864374
1_109892140	1_109821797_G_A	109821797	0.3531	0.5715	0.00884991701751052	109.821797
1_109892140	1_109802400_C_T	109802400	0.07572	0.07353	0.00854136880430289	109.8024
1_109892140	1_109841323_G_C	109841323	0.6444	0.8804	0.00801447876414657	109.841323
1_109892140	1_109930498_A_G	109930498	0.0002966	1.555e-15	0.00709033858925347	109.930498
1_109892140	1_109822143_G_A	109822143	0.2673	0.5715	0.00548684910407879	109.822143
1_109892140	1_109952127_G_A	109952127	0.0003403	1.177e-15	0.00446675986794288	109.952127
1_109892140	1_109817947_C_T	109817947	0.06286	0.2231	0.00400768995601768	109.817947
1_109892140	1_109959684_G_A	109959684	0.07105	9.3e-06	0.00367378968941673	109.959684
1_109892140	1_109822008_G_T	109822008	0.94	0.2653	0.00353281623010469	109.822008
1_109892140	1_109835163_C_T	109835163	0.6822	0.8715	0.00344885582623356	109.835163
1_109892140	1_109808329_G_A	109808329	0.405	0.5285	0.00341323745203509	109.808329
1_109892140	1_109909269_C_T	109909269	0.0002547	1.533e-15	0.00269082391752874	109.909269
1_109892140	1_109819296_C_A	109819296	0.8981	0.1072	0.00144585060463832	109.819296
1_109892140	1_109938681_G_T	109938681	0.4407	0.4423	0.00131871472168626	109.938681
1_109892140	1_109831268_G_A	109831268	0.7804	0.7783	0.00129600686320586	109.831268
1_109892140	1_109813020_G_A	109813020	0.8357	0.4672	0.00119951610200629	109.81302
1_109892140	1_109800086_A_C	109800086	0.01084	0.256	0.00109134466270804	109.800086
1_109892140	1_109895968_A_C	109895968	0.0006025	1.863e-13	0.00108287867528603	109.895968
1_109892140	1_109818128_C_T	109818128	0.8807	0.1228	0.00103184060024553	109.818128
1_109892140	1_109929237_G_A	109929237	0.0002617	1.99e-15	0.000673936617981048	109.929237
1_109892140	1_109864007_C_T	109864007	0.426	0.317	0.000559951413978637	109.864007
1_109892140	1_109823457_T_A	109823457	0.2598	0.857	0.000433836926814006	109.823457
1_109892140	1_109880721_T_C	109880721	0.001171	1.332e-14	0.000431350693783912	109.880721
1_109892140	1_109971133_C_G	109971133	0.9857	0.4337	0.000425492572858089	109.971133
1_109892140	1_109833187_G_A	109833187	0.6297	0.8715	0.000406323350693208	109.833187
1_109892140	1_109858119_T_C	109858119	0.0003259	2.272e-15	0.000376230159212589	109.858119
1_109892140	1_109856306_G_A	109856306	0.05387	0.0008455	0.00028601396737714	109.856306
1_109892140	1_109837423_A_C	109837423	0.151	0.05468	0.000125659613157944	109.837423
1_109892140	1_109926599_G_T	109926599	0.2327	0.3677	9.97970494649137e-05	109.926599
1_109892140	1_109931908_C_T	109931908	0.0002713	1.99e-15	9.79483145363956e-05	109.931908
1_109892140	1_109940503_G_C	109940503	0.001298	1.11e-14	4.37418782408572e-05	109.940503
1_109892140	1_109924450_C_A	109924450	0.6792	0.4227	4.23623046617101e-05	109.92445
1_109892140	1_109844532_A_G	109844532	0.0001731	1.236e-14	3.0139987494437e-05	109.844532
1_109892140	1_109991078_G_A	109991078	0.2166	0.171	1.69352806878644e-05	109.991078
1_109892140	1_109915590_T_C	109915590	0.1579	0.1116	1.44318409570048e-05	109.91559
1_109892140	1_109815368_T_C	109815368	0.8805	0.1228	1.23448331801878e-05	109.815368
1_109892140	1_109961965_C_T	109961965	0.0003343	1.99e-15	8.35132738479037e-11	109.961965
1_109892140	1_109830993_C_T	109830993	0.4655	0.8764	7.36695521233989e-11	109.830993
1_109892140	1_109930852_C_T	109930852	0.0002795	1.99e-15	7.1231239882205e-11	109.930852
1_109892140	1_109826136_C_T	109826136	0.4365	0.4172	1.32959531937042e-11	109.826136
1_109892140	1_109835383_G_C	109835383	0.1093	0.07862	1.86829258876425e-12	109.835383
1_109892140	1_109989224_C_G	109989224	0.3158	0.1664	1.4488847569686e-13	109.989224
1_109892140	1_109836835_A_G	109836835	0.3254	0.4428	1.36646116454013e-13	109.836835
1_109892140	1_109839400_C_T	109839400	0.6244	0.6389	7.62422634570795e-14	109.8394
1_109892140	1_109944078_T_C	109944078	0.0003583	1.177e-15	7.24159404847323e-14	109.944078
1_109892140	1_109938443_T_C	109938443	0.1396	0.638	2.62311495568718e-14	109.938443
1_109892140	1_109817479_G_C	109817479	0.7268	0.7743	2.60751796714044e-14	109.817479
1_109892140	1_109965256_G_A	109965256	0.0003319	1.99e-15	7.06625468224854e-15	109.965256
1_109892140	1_109795026_T_C	109795026	0.9317	0.04557	6.68398693100911e-15	109.795026
1_109892140	1_109831225_G_A	109831225	0.4624	0.8764	5.44456145090376e-15	109.831225
1_109892140	1_109984491_A_G	109984491	0.5826	0.0008905	2.59952268253416e-15	109.984491
1_109892140	1_109956851_A_C	109956851	0.2636	0.2956	1.18921640838459e-15	109.956851
1_109892140	1_109979526_T_C	109979526	0.001289	5.72e-15	1.1017563514419e-15	109.979526
1_109892140	1_109870859_C_G	109870859	0.0002444	2.272e-15	1.06693075976943e-15	109.870859
1_109892140	1_109815133_G_A	109815133	0.8751	0.1228	8.25730499696983e-16	109.815133
1_109892140	1_109933450_G_A	109933450	0.2678	0.175	8.25675813284578e-16	109.93345
1_109892140	1_109922316_T_C	109922316	0.1609	0.1116	8.18468117162302e-16	109.922316
1_109892140	1_109941133_C_T	109941133	0.0002753	1.99e-15	6.75605484791796e-16	109.941133
1_109892140	1_109871647_G_T	109871647	0.2373	0.02964	5.49585790657903e-16	109.871647
1_109892140	1_109807099_G_A	109807099	0.7213	0.5416	4.97082413576922e-16	109.807099
1_109892140	1_109914809_C_T	109914809	0.8636	0.1757	4.92748914484593e-16	109.914809
1_109892140	1_109936682_G_A	109936682	0.0003486	1.99e-15	4.48957143930106e-16	109.936682
1_109892140	1_109908309_A_C	109908309	0.873	0.9009	4.307032194065e-16	109.908309
1_109892140	1_109836219_G_A	109836219	0.8441	0.9102	3.85616598733951e-16	109.836219
1_109892140	1_109802233_C_T	109802233	0.07614	0.06674	3.60708200710335e-16	109.802233
1_109892140	1_109822404_G_A	109822404	0.1722	0.2345	3.54815264145528e-16	109.822404
1_109892140	1_109802031_G_A	109802031	0.07802	0.07353	3.4784365206607e-16	109.802031
1_109892140	1_109875415_C_T	109875415	0.000285	1.347e-15	3.45924282136772e-16	109.875415
1_109892140	1_109937916_C_T	109937916	0.0003968	1.99e-15	3.30845356414498e-16	109.937916
1_109892140	1_109946095_A_C	109946095	0.0004283	6.596e-15	3.29859849956221e-16	109.946095
1_109892140	1_109843775_C_T	109843775	0.083	0.0001026	3.26367471317198e-16	109.843775
1_109892140	1_109843746_G_C	109843746	0.2734	0.05489	3.23146604824677e-16	109.843746
1_109892140	1_109880009_C_T	109880009	0.6755	0.7273	3.17099397782408e-16	109.880009
1_109892140	1_109794252_T_C	109794252	0.929	0.04557	3.17099397782408e-16	109.794252
1_109892140	1_109922377_G_A	109922377	0.0133	4.608e-08	3.1147999818465e-16	109.922377
1_109892140	1_109978795_A_T	109978795	0.822	0.345	3.05225530696976e-16	109.978795
1_109892140	1_109822166_G_A	109822166	0.2692	0.5367	2.79652607523539e-16	109.822166
1_109892140	1_109834938_C_T	109834938	0.6518	0.8715	2.76682959474387e-16	109.834938
1_109892140	1_109839896_C_T	109839896	0.01536	0.0007476	2.70945095526358e-16	109.839896
1_109892140	1_109931990_T_C	109931990	0.2716	0.2152	2.67157578350114e-16	109.93199
1_109892140	1_109836462_A_G	109836462	0.8923	0.9194	2.64213896547838e-16	109.836462
1_109892140	1_109824250_G_A	109824250	0.08429	0.6603	2.63489960820792e-16	109.82425
1_109892140	1_109910013_C_T	109910013	0.01106	4.608e-08	2.62199997204883e-16	109.910013
1_109892140	1_109815211_C_A	109815211	0.8749	0.1228	2.61579361119725e-16	109.815211
1_109892140	1_109820884_A_G	109820884	0.7587	0.2158	2.55050205301778e-16	109.820884
1_109892140	1_109810200_G_A	109810200	0.0282	0.24	2.54936023201038e-16	109.8102
1_109892140	1_109797954_G_A	109797954	0.854	0.8769	2.54027567068474e-16	109.797954
1_109892140	1_109950607_A_G	109950607	0.01279	4.608e-08	2.49096555551218e-16	109.950607
1_109892140	1_109976775_C_G	109976775	0.0022	5.72e-15	2.44612473397715e-16	109.976775
1_109892140	1_109937931_C_T	109937931	0.0003029	1.99e-15	2.35927453848217e-16	109.937931
1_109892140	1_109810183_C_T	109810183	0.01333	0.2055	2.33032329303158e-16	109.810183
1_109892140	1_109913064_T_C	109913064	0.5865	0.02263	2.21993155974818e-16	109.913064
1_109892140	1_109887191_T_C	109887191	0.251	0.004034	2.20805693806321e-16	109.887191
1_109892140	1_109849144_T_C	109849144	0.0002242	8.691e-15	2.20043440074633e-16	109.849144
1_109892140	1_109921983_G_A	109921983	0.1609	0.1116	2.16518827543519e-16	109.921983
1_109892140	1_109884936_T_G	109884936	0.395	0.1609	2.03490083180606e-16	109.884936
1_109892140	1_109817838_T_C	109817838	0.6166	0.3125	1.97674645437007e-16	109.817838
1_109892140	1_109832027_G_A	109832027	0.9066	0.5894	1.96149383098794e-16	109.832027
1_109892140	1_109915363_T_C	109915363	0.1557	0.003283	1.9097956671192e-16	109.915363
1_109892140	1_109884775_T_G	109884775	0.0002295	2.272e-15	1.90923223667566e-16	109.884775
1_109892140	1_109799575_C_T	109799575	0.05377	0.06674	1.89259918421015e-16	109.799575
1_109892140	1_109834039_A_G	109834039	0.7075	0.523	1.89205347063603e-16	109.834039
1_109892140	1_109938536_A_G	109938536	0.4992	0.6365	1.8210302787842e-16	109.938536
1_109892140	1_109837129_C_T	109837129	0.8883	0.9358	1.81815802117349e-16	109.837129
1_109892140	1_109950441_T_A	109950441	0.1531	0.1116	1.77050231799878e-16	109.950441
1_109892140	1_109861515_C_T	109861515	0.04379	0.3471	1.76655838835511e-16	109.861515
1_109892140	1_109905778_G_A	109905778	0.1494	0.1116	1.745000724582e-16	109.905778
1_109892140	1_109818530_C_T	109818530	0.4258	0.2735	1.74129191891633e-16	109.81853
1_109892140	1_109955010_C_A	109955010	0.0003038	9.128e-16	1.70010668519208e-16	109.95501
1_109892140	1_109821307_G_T	109821307	0.238	0.4513	1.67608740874553e-16	109.821307
1_109892140	1_109832283_A_G	109832283	0.9346	0.5582	1.64128424515756e-16	109.832283
1_109892140	1_109886310_T_G	109886310	0.0002874	1.347e-15	1.62713663010093e-16	109.88631
1_109892140	1_109873573_G_A	109873573	0.0002407	2.272e-15	1.61950785893251e-16	109.873573
1_109892140	1_109886395_C_T	109886395	0.00022	1.347e-15	1.61700917548264e-16	109.886395
1_109892140	1_109798062_G_A	109798062	0.7685	0.6517	1.61483383035532e-16	109.798062
1_109892140	1_109796757_G_A	109796757	0.1195	0.01424	1.6097686255321e-16	109.796757
1_109892140	1_109964605_T_C	109964605	0.1486	0.1116	1.60858467926162e-16	109.964605
1_109892140	1_109820919_T_G	109820919	0.857	0.1749	1.60480942598327e-16	109.820919
1_109892140	1_109876885_C_T	109876885	0.001113	1.332e-14	1.5917147353443e-16	109.876885
1_109892140	1_109942924_C_T	109942924	0.3516	0.3953	1.58276742017474e-16	109.942924
1_109892140	1_109866844_G_A	109866844	0.0002498	2.272e-15	1.58047020015842e-16	109.866844
1_109892140	1_109991601_C_G	109991601	0.144	0.2888	1.57676859324355e-16	109.991601
1_109892140	1_109901215_T_C	109901215	0.0002947	1.347e-15	1.56145568367498e-16	109.901215
1_109892140	1_109801121_C_T	109801121	0.0583	0.07353	1.54582021651055e-16	109.801121
1_109892140	1_109863021_T_A	109863021	0.6965	0.5304	1.53607895622804e-16	109.863021
1_109892140	1_109832174_T_A	109832174	0.7887	0.7783	1.5285357645224e-16	109.832174
1_109892140	1_109891423_G_C	109891423	0.0003693	1.863e-15	1.52513866426178e-16	109.891423
1_109892140	1_109961724_G_T	109961724	0.7953	0.1742	1.52513866426178e-16	109.961724
1_109892140	1_109979202_G_A	109979202	0.001038	5.72e-15	1.52310978537578e-16	109.979202
1_109892140	1_109965986_A_G	109965986	0.0002399	1.99e-15	1.5025474480433e-16	109.965986
1_109892140	1_109935578_T_C	109935578	0.0002748	1.99e-15	1.49929818283394e-16	109.935578
1_109892140	1_109835757_T_C	109835757	0.3617	0.4705	1.45275400946178e-16	109.835757
1_109892140	1_109838264_A_G	109838264	0.1763	0.0356	1.43806849757362e-16	109.838264
1_109892140	1_109814880_C_T	109814880	0.2978	0.3122	1.39757391069428e-16	109.81488
1_109892140	1_109927624_T_C	109927624	0.4853	0.1609	1.30946275006938e-16	109.927624
1_109892140	1_109946882_T_C	109946882	0.0003506	1.177e-15	1.29206691588833e-16	109.946882
1_109892140	1_109967104_C_A	109967104	0.04211	0.001006	1.2916233840059e-16	109.967104
1_109892140	1_109813510_A_T	109813510	0.5201	0.3347	1.28664299122892e-16	109.81351
1_109892140	1_109845100_G_T	109845100	0.02937	0.2472	1.23727515356097e-16	109.8451
1_109892140	1_109871898_C_T	109871898	0.2585	0.0766	1.20242350249918e-16	109.871898
1_109892140	1_109810981_G_A	109810981	0.3594	0.8186	1.19560056079978e-16	109.810981
1_109892140	1_109924918_T_A	109924918	0.1593	0.1116	1.13686347751941e-16	109.924918
1_109892140	1_109864269_T_C	109864269	0.0002505	2.272e-15	1.12184299621874e-16	109.864269
1_109892140	1_109832483_C_A	109832483	0.2143	0.05381	1.11204169657218e-16	109.832483
1_109892140	1_109822509_T_C	109822509	0.156	0.2027	1.1086579968826e-16	109.822509
1_109892140	1_109894693_T_C	109894693	0.07572	0.01083	1.08974415574268e-16	109.894693
1_109892140	1_109896600_A_C	109896600	0.0002493	1.99e-15	1.08713922547553e-16	109.8966
1_109892140	1_109810201_G_A	109810201	0.02512	0.24	1.08547675186765e-16	109.810201
1_109892140	1_109800321_C_T	109800321	0.3114	0.1261	1.07917405317789e-16	109.800321
1_109892140	1_109800218_G_C	109800218	0.05502	0.07353	1.06578150913838e-16	109.800218
1_109892140	1_109991700_A_G	109991700	0.002131	1.348e-13	1.06438821913205e-16	109.9917
1_109892140	1_109810544_C_A	109810544	0.6165	0.9977	1.05839035030849e-16	109.810544
1_109892140	1_109829590_T_C	109829590	0.6144	0.4502	9.4998552528565e-17	109.82959
1_109892140	1_109923586_C_T	109923586	0.0002611	1.99e-15	9.43901196467823e-17	109.923586
1_109892140	1_109897103_A_G	109897103	0.0002602	6.123e-16	9.40901684539815e-17	109.897103
1_109892140	1_109794123_G_C	109794123	0.2894	0.2252	9.02175643510654e-17	109.794123
1_109892140	1_109916336_C_G	109916336	0.9241	0.4227	8.87343290044516e-17	109.916336
1_109892140	1_109955154_A_G	109955154	0.435	0.1609	8.86283877855235e-17	109.955154
1_109892140	1_109817245_C_T	109817245	0.905	0.08107	8.66350095712651e-17	109.817245
1_109892140	1_109848726_A_T	109848726	0.0003112	1.347e-15	8.63672154928386e-17	109.848726
1_109892140	1_109851126_C_T	109851126	0.2477	0.004644	8.48749921971069e-17	109.851126
1_109892140	1_109823962_T_C	109823962	0.05909	0.4356	8.45063766087458e-17	109.823962
1_109892140	1_109798914_G_A	109798914	0.7959	0.02088	8.42688076343871e-17	109.798914
1_109892140	1_109817590_G_T	109817590	0.4347	0.325	8.37144696994018e-17	109.81759
1_109892140	1_109838215_G_A	109838215	0.7771	0.1178	8.31567000115693e-17	109.838215
1_109892140	1_109829295_C_T	109829295	0.9482	0.5096	8.29016025513374e-17	109.829295
1_109892140	1_109831124_C_T	109831124	0.2092	0.05381	8.0887903988295e-17	109.831124
1_109892140	1_109937426_T_C	109937426	0.0002754	1.99e-15	8.07450866565267e-17	109.937426
1_109892140	1_109893210_G_T	109893210	0.00113	1.51e-14	7.81665212142454e-17	109.89321
1_109892140	1_109851793_C_T	109851793	0.1486	0.09785	7.78931042709503e-17	109.851793
1_109892140	1_109831245_C_T	109831245	0.8387	0.7783	7.78726157338078e-17	109.831245
1_109892140	1_109839392_A_G	109839392	0.8475	0.6308	7.76741813586319e-17	109.839392
1_109892140	1_109841760_A_G	109841760	0.0007752	1.207e-12	7.75279688936592e-17	109.84176
1_109892140	1_109925829_G_A	109925829	0.7001	0.009362	7.71961610935792e-17	109.925829
1_109892140	1_109867892_A_G	109867892	0.0003163	1.347e-15	7.71791873322115e-17	109.867892
1_109892140	1_109897100_T_C	109897100	0.1659	0.09691	7.7058002764493e-17	109.8971
1_109892140	1_109799781_G_A	109799781	0.0543	0.07353	7.6898157059366e-17	109.799781
1_109892140	1_109795608_T_C	109795608	0.9551	0.04557	7.68923460424062e-17	109.795608
1_109892140	1_109991175_C_T	109991175	0.08365	7.882e-06	7.68040142474541e-17	109.991175
1_109892140	1_109918145_G_A	109918145	0.4735	0.317	7.68020572538482e-17	109.918145
1_109892140	1_109867929_G_A	109867929	0.0002429	2.272e-15	7.6801222496205e-17	109.867929
1_109892140	1_109963318_T_C	109963318	0.1847	0.01412	7.67940809180167e-17	109.963318
1_109892140	1_109939665_C_G	109939665	0.4752	0.1609	7.67738385366603e-17	109.939665
1_109892140	1_109901462_G_C	109901462	0.0002261	2.272e-15	7.67276239238392e-17	109.901462
1_109892140	1_109951711_T_C	109951711	0.0003343	1.177e-15	7.67249637661044e-17	109.951711
1_109892140	1_109877506_A_G	109877506	0.0002619	1.048e-15	7.66524191930291e-17	109.877506
1_109892140	1_109943893_C_T	109943893	0.0002674	1.99e-15	7.66503224251363e-17	109.943893
1_109892140	1_109849254_A_G	109849254	0.0002339	8.691e-15	7.66127764883734e-17	109.849254
1_109892140	1_109848048_C_T	109848048	0.7668	0.9965	7.66065548618577e-17	109.848048
1_109892140	1_109796053_C_T	109796053	0.9328	0.5373	7.60882758935311e-17	109.796053
1_109892140	1_109806834_C_T	109806834	0.7293	0.5268	7.4715532856453e-17	109.806834
1_109892140	1_109840169_C_T	109840169	0.8347	0.274	7.26723155721555e-17	109.840169
1_109892140	1_109800627_A_T	109800627	0.06484	0.06674	7.24377527816796e-17	109.800627
1_109892140	1_109846278_C_T	109846278	0.0003208	1.417e-12	7.08108344133439e-17	109.846278
1_109892140	1_109879892_G_C	109879892	0.000255	2.272e-15	7.06030599670133e-17	109.879892
1_109892140	1_109916890_T_A	109916890	0.0002838	2.272e-15	6.99255942482486e-17	109.91689
1_109892140	1_109857815_A_C	109857815	0.02989	6.071e-05	6.98651496161639e-17	109.857815
1_109892140	1_109815252_A_G	109815252	0.5364	0.07674	6.80452395179165e-17	109.815252
1_109892140	1_109949008_A_G	109949008	0.0003548	1.177e-15	6.69362246253488e-17	109.949008
1_109892140	1_109935775_A_C	109935775	0.0007477	1.99e-15	6.566774330165e-17	109.935775
1_109892140	1_109821511_T_G	109821511	0.3748	0.4102	6.55305084008235e-17	109.821511
1_109892140	1_109836310_C_G	109836310	0.7724	0.6102	6.3927499353813e-17	109.83631
1_109892140	1_109985439_A_G	109985439	0.00144	5.324e-15	6.35299718944496e-17	109.985439
1_109892140	1_109961935_A_G	109961935	0.001304	1.112e-14	6.34316774034151e-17	109.961935
1_109892140	1_109800386_A_T	109800386	0.1095	0.874	6.3424018291895e-17	109.800386
1_109892140	1_109839738_C_A	109839738	0.02843	7.106e-05	6.33899948592691e-17	109.839738
1_109892140	1_109945319_T_G	109945319	0.4396	0.4423	6.24077253842523e-17	109.945319
1_109892140	1_109914983_A_G	109914983	0.0003391	1.364e-15	6.23302620426718e-17	109.914983
1_109892140	1_109969721_A_G	109969721	0.0005323	3.818e-15	6.22476789231137e-17	109.969721
1_109892140	1_109894756_G_C	109894756	0.8603	0.1742	5.97366921703881e-17	109.894756
1_109892140	1_109879949_A_G	109879949	0.0002421	2.272e-15	5.94641766160666e-17	109.879949
1_109892140	1_109799244_T_C	109799244	0.0541	0.07353	5.85253841054906e-17	109.799244
1_109892140	1_109802395_G_A	109802395	0.1555	0.874	5.75444713489774e-17	109.802395
1_109892140	1_109841659_T_C	109841659	0.000651	1.207e-12	5.73184603403089e-17	109.841659
1_109892140	1_109923677_G_T	109923677	0.193	0.02072	5.3029491198256e-17	109.923677
1_109892140	1_109912051_A_G	109912051	0.09587	0.1576	5.28234145580318e-17	109.912051
1_109892140	1_109819392_C_T	109819392	0.7216	0.2708	5.05984128133499e-17	109.819392
1_109892140	1_109910504_G_T	109910504	0.5636	0.4423	4.83754287716385e-17	109.910504
1_109892140	1_109819615_C_T	109819615	0.6532	0.2158	4.80101895102149e-17	109.819615
1_109892140	1_109820110_C_T	109820110	0.7903	0.1267	4.76456834227194e-17	109.82011
1_109892140	1_109966718_A_C	109966718	0.0002514	1.99e-15	4.68554540832134e-17	109.966718
1_109892140	1_109855404_G_A	109855404	0.0003309	1.347e-15	4.56650413027712e-17	109.855404
1_109892140	1_109882568_C_G	109882568	0.04946	6.305e-07	4.37635334071697e-17	109.882568
1_109892140	1_109949537_G_C	109949537	0.3082	0.07722	4.36441600033882e-17	109.949537
1_109892140	1_109842271_C_T	109842271	0.000318	2.222e-14	4.28148215042216e-17	109.842271
1_109892140	1_109911860_C_T	109911860	0.886	0.1178	3.63605790154641e-17	109.91186
1_109892140	1_109819981_C_T	109819981	0.6578	0.2158	3.55047577191705e-17	109.819981
1_109892140	1_109833776_C_T	109833776	0.7888	0.7783	3.54078186003798e-17	109.833776
1_109892140	1_109973387_A_G	109973387	0.001175	1.986e-14	3.40602224030153e-17	109.973387
1_109892140	1_109935427_A_G	109935427	0.0003471	1.99e-15	3.37146518441161e-17	109.935427
1_109892140	1_109966814_A_G	109966814	0.2693	0.2922	2.88621883251735e-17	109.966814
1_109892140	1_109815074_G_A	109815074	0.8679	0.1665	2.7046540100766e-17	109.815074
1_109892140	1_109818270_C_T	109818270	0.1242	0.1558	2.47463211194618e-17	109.81827
1_109892140	1_109860144_T_C	109860144	0.0002584	2.272e-15	2.35731476539041e-17	109.860144
1_109892140	1_109836223_G_A	109836223	0.3756	0.4239	2.35097790885577e-17	109.836223
1_109892140	1_109802643_G_A	109802643	0.4819	0.03005	2.31729266742605e-17	109.802643
1_109892140	1_109986672_C_A	109986672	0.001121	5.324e-15	2.30901221335355e-17	109.986672
1_109892140	1_109979617_A_G	109979617	0.001278	5.72e-15	2.28282968538542e-17	109.979617
1_109892140	1_109832568_C_T	109832568	0.2219	0.05381	2.24556539101581e-17	109.832568
1_109892140	1_109798995_A_G	109798995	0.4626	0.4968	2.15034128886506e-17	109.798995
1_109892140	1_109919525_G_A	109919525	0.1604	0.1116	2.10364995928584e-17	109.919525
1_109892140	1_109967087_T_C	109967087	0.1453	0.1116	2.03098186855849e-17	109.967087
1_109892140	1_109970153_T_G	109970153	0.09976	0.01059	2.01898106187546e-17	109.970153
1_109892140	1_109819683_G_C	109819683	0.121	0.9521	1.99118461052174e-17	109.819683
1_109892140	1_109866569_T_A	109866569	0.0003216	1.347e-15	1.98959232438598e-17	109.866569
1_109892140	1_109840918_C_T	109840918	0.01382	3.487e-07	1.98590536931486e-17	109.840918
1_109892140	1_109861799_T_G	109861799	0.288	0.07722	1.9575156191875e-17	109.861799
1_109892140	1_109937372_T_C	109937372	0.1557	0.1116	1.94713928457882e-17	109.937372
1_109892140	1_109866230_T_C	109866230	0.0003227	1.347e-15	1.93202983394699e-17	109.86623
1_109892140	1_109960270_C_A	109960270	0.0003119	1.99e-15	1.92488709505443e-17	109.96027
1_109892140	1_109872370_C_T	109872370	0.0002375	2.272e-15	1.86307555967809e-17	109.87237
1_109892140	1_109827253_A_G	109827253	0.5877	0.3271	1.8614083433989e-17	109.827253
1_109892140	1_109891403_C_T	109891403	0.0003708	1.863e-15	1.79792587328832e-17	109.891403
1_109892140	1_109974555_A_G	109974555	0.1957	0.01412	1.78829747344185e-17	109.974555
1_109892140	1_109908749_G_A	109908749	0.7401	0.9618	1.77318000773038e-17	109.908749
1_109892140	1_109817192_A_G	109817192	0.4196	0.2937	1.67128942601193e-17	109.817192
1_109892140	1_109796865_G_A	109796865	0.7947	0.9405	1.62968027716193e-17	109.796865
1_109892140	1_109835387_T_G	109835387	0.7394	0.6243	1.6160036399323e-17	109.835387
1_109892140	1_109855020_A_G	109855020	0.2847	0.07755	1.52995520769559e-17	109.85502
1_109892140	1_109968410_A_C	109968410	0.06294	0.000925	1.51446163027317e-17	109.96841
1_109892140	1_109921221_C_T	109921221	0.1643	0.1116	1.46650875267804e-17	109.921221
1_109892140	1_109804646_G_A	109804646	0.754	0.5268	1.38561207439428e-17	109.804646
1_109892140	1_109917540_G_C	109917540	0.0006586	1.347e-15	1.30259868365695e-17	109.91754
1_109892140	1_109962701_C_T	109962701	0.5079	0.5547	1.29511744131863e-17	109.962701
1_109892140	1_109982213_C_A	109982213	0.002844	5.324e-15	1.2638612953459e-17	109.982213
1_109892140	1_109915075_C_A	109915075	0.0003308	1.364e-15	1.22526288107528e-17	109.915075
1_109892140	1_109806313_T_C	109806313	0.0751	0.06927	1.20535490343073e-17	109.806313
1_109892140	1_109851127_A_G	109851127	0.0002542	2.272e-15	1.18029489405069e-17	109.851127
1_109892140	1_109800349_G_A	109800349	0.295	0.1261	1.13815184616778e-17	109.800349
1_109892140	1_109883813_T_C	109883813	0.1612	0.1116	1.01880421185002e-17	109.883813
1_109892140	1_109804883_C_G	109804883	0.2657	0.1261	9.56817073908393e-18	109.804883
1_109892140	1_109974450_A_C	109974450	0.0005681	3.012e-15	8.46952453642684e-18	109.97445
1_109892140	1_109845252_G_A	109845252	0.0001898	6.573e-15	8.29816701087491e-18	109.845252
1_109892140	1_109872117_C_T	109872117	0.1993	0.04591	8.22288516320972e-18	109.872117
1_109892140	1_109838918_C_T	109838918	0.1561	0.0411	8.21036983549737e-18	109.838918
1_109892140	1_109873367_A_G	109873367	0.0003104	1.347e-15	7.661525844192e-18	109.873367
1_109892140	1_109901960_G_A	109901960	0.7515	0.4227	7.62392463186453e-18	109.90196
1_109892140	1_109961700_G_A	109961700	0.04868	0.06608	7.61258314909297e-18	109.9617
1_109892140	1_109813719_C_T	109813719	0.5287	0.7079	7.46077026582417e-18	109.813719
1_109892140	1_109879549_C_T	109879549	0.000242	2.272e-15	7.08868236539219e-18	109.879549
1_109892140	1_109980787_G_A	109980787	0.4587	0.2842	7.05970709527812e-18	109.980787
1_109892140	1_109825591_C_T	109825591	0.3497	0.881	6.97349923289157e-18	109.825591
