edsite	SNP	BP	GWAS_P	EQTL_P	PP_H4	BP_Mb
5_145524709	5_145436874_C_T	145436874	1.62e-05	4.979e-05	0.0795594218016858	145.436874
5_145524709	5_145563617_G_A	145563617	0.0009606	0.2401	0.0452935284247192	145.563617
5_145524709	5_145521579_C_T	145521579	0.009011	0.003678	0.043713307896723	145.521579
5_145524709	5_145623021_T_C	145623021	0.2403	0.3569	0.0406042644432333	145.623021
5_145524709	5_145484741_T_G	145484741	0.0003496	0.0009817	0.0401778266230267	145.484741
5_145524709	5_145606270_T_A	145606270	0.0006719	0.4173	0.0396955533483239	145.60627
5_145524709	5_145567877_G_A	145567877	0.0003382	0.002424	0.0363898623792207	145.567877
5_145524709	5_145555966_G_C	145555966	0.0002355	0.00116	0.034483649190577	145.555966
5_145524709	5_145542005_T_C	145542005	0.1705	0.5094	0.0342259636011023	145.542005
5_145524709	5_145500638_G_T	145500638	0.9964	0.4441	0.0341090514756828	145.500638
5_145524709	5_145482127_C_T	145482127	0.0003595	0.0009817	0.0336956921111437	145.482127
5_145524709	5_145524692_G_C	145524692	0.0003427	0.00116	0.0332337711657246	145.524692
5_145524709	5_145544674_A_G	145544674	0.0002836	0.0008101	0.0330456226224246	145.544674
5_145524709	5_145426248_T_C	145426248	2.055e-05	4.913e-05	0.0322556058325959	145.426248
5_145524709	5_145563463_A_T	145563463	0.1794	0.463	0.0320968732189256	145.563463
5_145524709	5_145581065_A_G	145581065	0.005823	0.01473	0.0317658714109224	145.581065
5_145524709	5_145570691_G_A	145570691	0.1617	0.4959	0.0312963653849542	145.570691
5_145524709	5_145447661_G_C	145447661	2.143e-05	8.122e-05	0.0287331696848334	145.447661
5_145524709	5_145454728_C_G	145454728	0.0002689	0.001678	0.0287161778976631	145.454728
5_145524709	5_145535992_T_C	145535992	0.0003284	0.00116	0.0278280039471896	145.535992
5_145524709	5_145433217_T_C	145433217	1.969e-05	3.974e-05	0.0274608734306187	145.433217
5_145524709	5_145551085_G_A	145551085	0.3457	0.7441	0.026447151909382	145.551085
5_145524709	5_145533956_A_G	145533956	0.0003346	0.00116	0.0232917808771403	145.533956
5_145524709	5_145511862_T_C	145511862	0.0003738	0.3898	0.0226906254014943	145.511862
5_145524709	5_145431183_C_T	145431183	0.239	0.5289	0.021399072165582	145.431183
5_145524709	5_145528454_C_T	145528454	0.0003337	0.00116	0.0199713785483933	145.528454
5_145524709	5_145492709_C_A	145492709	0.157	0.5094	0.0198281508710832	145.492709
5_145524709	5_145568410_A_T	145568410	0.0003386	0.002424	0.0196557658730522	145.56841
5_145524709	5_145469455_C_A	145469455	0.0003085	0.001741	0.019261551646921	145.469455
5_145524709	5_145515996_C_T	145515996	0.8802	0.142	0.0120103864524195	145.515996
5_145524709	5_145554457_G_A	145554457	0.0002544	0.00116	0.00211882477070407	145.554457
5_145524709	5_145459262_C_T	145459262	0.0003553	0.001871	0.000957817530613731	145.459262
5_145524709	5_145562282_G_T	145562282	0.0002132	0.0008101	0.000469905812971925	145.562282
5_145524709	5_145538047_C_A	145538047	0.0003128	0.00116	0.000467015004557215	145.538047
5_145524709	5_145455232_G_T	145455232	0.000269	0.001678	0.000461190524911446	145.455232
5_145524709	5_145597697_A_G	145597697	0.8407	0.5363	0.000418581376638925	145.597697
5_145524709	5_145592802_A_G	145592802	0.2274	0.3569	0.000413327364512214	145.592802
5_145524709	5_145520274_C_T	145520274	0.0003516	0.00116	0.000385796598284354	145.520274
5_145524709	5_145607472_C_G	145607472	0.1579	0.5639	0.000342567698273005	145.607472
5_145524709	5_145462225_G_T	145462225	0.0002758	0.002232	0.000329606769316229	145.462225
5_145524709	5_145579458_T_C	145579458	0.005643	0.01473	0.000319952976652905	145.579458
5_145524709	5_145479712_C_T	145479712	0.000351	0.0006842	0.000313822035457908	145.479712
5_145524709	5_145574235_C_G	145574235	0.8537	0.1025	0.000301580217194198	145.574235
5_145524709	5_145527760_C_T	145527760	0.9026	0.5603	0.000298888971331164	145.52776
5_145524709	5_145607534_A_T	145607534	0.3476	0.3981	0.000289123615538663	145.607534
5_145524709	5_145452551_T_G	145452551	0.0001738	0.001443	0.0002721625952003	145.452551
5_145524709	5_145492092_G_A	145492092	0.009168	0.003678	0.000263204500489974	145.492092
5_145524709	5_145611704_G_A	145611704	0.2257	0.8573	0.000261148869057576	145.611704
5_145524709	5_145558329_C_T	145558329	0.1753	0.463	0.000255470929319509	145.558329
5_145524709	5_145494084_G_C	145494084	0.1802	0.5094	0.000253443627576834	145.494084
5_145524709	5_145502566_G_A	145502566	0.0004125	0.00116	0.000252683341293499	145.502566
5_145524709	5_145500157_A_G	145500157	0.0004163	0.00116	0.000249146498729334	145.500157
5_145524709	5_145506248_C_T	145506248	0.0003843	0.00116	0.000249081130518313	145.506248
5_145524709	5_145521133_A_G	145521133	0.0003524	0.00116	0.000245578910237558	145.521133
5_145524709	5_145427527_T_A	145427527	2.099e-05	6.003e-05	0.000245270802677487	145.427527
5_145524709	5_145486996_A_G	145486996	0.0003728	0.0009817	0.000244046407642989	145.486996
5_145524709	5_145617604_G_A	145617604	0.4091	0.04946	0.000240448656260673	145.617604
5_145524709	5_145434432_T_C	145434432	2.1e-05	4.421e-05	0.000240400044986888	145.434432
5_145524709	5_145468354_G_A	145468354	0.0002925	0.001741	0.000237055480615761	145.468354
5_145524709	5_145464515_G_T	145464515	0.007131	0.005281	0.000235255028575269	145.464515
5_145524709	5_145612264_T_G	145612264	0.000591	0.001555	0.000235161059192053	145.612264
5_145524709	5_145489161_T_C	145489161	0.009484	0.003478	0.000234412119023197	145.489161
5_145524709	5_145567841_G_A	145567841	0.0003339	0.002424	0.000231920837461399	145.567841
5_145524709	5_145532927_T_C	145532927	0.0003419	0.00116	0.000231374714343429	145.532927
5_145524709	5_145478643_A_C	145478643	0.0003373	0.0009817	0.000227625828710492	145.478643
5_145524709	5_145603603_A_G	145603603	0.01114	0.0107	0.000226674667009839	145.603603
5_145524709	5_145521866_C_T	145521866	0.0003472	0.00116	0.000225186443954059	145.521866
5_145524709	5_145535305_T_C	145535305	0.0003333	0.00116	0.00022485362696559	145.535305
5_145524709	5_145433319_G_A	145433319	0.6957	0.5216	0.00022485362696559	145.433319
5_145524709	5_145557388_C_G	145557388	0.0002397	0.00116	0.000224426831500974	145.557388
5_145524709	5_145492906_T_C	145492906	0.1532	0.5094	0.00022282033768204	145.492906
5_145524709	5_145531113_G_C	145531113	0.0003299	0.00116	0.000220989957303957	145.531113
5_145524709	5_145495854_G_A	145495854	0.03531	0.9888	0.000219434279836793	145.495854
5_145524709	5_145447217_C_T	145447217	0.2669	0.09321	0.00021646956538787	145.447217
5_145524709	5_145540923_A_T	145540923	0.0002927	0.00116	0.000215447686325403	145.540923
5_145524709	5_145477855_T_C	145477855	0.000337	0.0009817	0.000215369497867287	145.477855
5_145524709	5_145477657_C_T	145477657	0.1434	0.5094	0.000213127560770024	145.477657
5_145524709	5_145458855_A_T	145458855	0.0002772	0.001982	0.000207315621093429	145.458855
5_145524709	5_145511323_G_C	145511323	0.4031	0.2483	0.000207116345038274	145.511323
5_145524709	5_145572664_T_C	145572664	0.007742	0.008016	0.000206685133400325	145.572664
5_145524709	5_145542880_A_C	145542880	0.0002942	0.00116	0.000206541813162872	145.54288
5_145524709	5_145463497_C_T	145463497	0.1532	0.5094	0.000204838042905716	145.463497
5_145524709	5_145528776_C_T	145528776	0.0003337	0.3898	0.00020481040253105	145.528776
5_145524709	5_145539996_T_G	145539996	0.0002971	0.00116	0.000204486783517776	145.539996
5_145524709	5_145451731_A_G	145451731	0.0001116	0.001443	0.000202549455888417	145.451731
5_145524709	5_145576066_G_A	145576066	0.7299	0.5468	0.00020142607415165	145.576066
5_145524709	5_145460855_C_T	145460855	0.000275	0.001982	0.000200928260556869	145.460855
5_145524709	5_145540375_A_G	145540375	0.1597	0.5094	0.000197521043962674	145.540375
5_145524709	5_145471490_G_T	145471490	0.0003263	0.001741	0.000197455845248775	145.47149
5_145524709	5_145501417_G_A	145501417	0.03347	0.7023	0.000197065596558777	145.501417
5_145524709	5_145523336_T_G	145523336	0.4913	0.974	0.000195595052925254	145.523336
5_145524709	5_145496892_A_G	145496892	0.0004047	0.00116	0.000195520604131362	145.496892
5_145524709	5_145622437_A_G	145622437	0.0006899	0.002281	0.000195201914432908	145.622437
5_145524709	5_145536642_A_G	145536642	0.0003234	0.00116	0.000195011221755801	145.536642
5_145524709	5_145481742_T_C	145481742	0.0003582	0.0009817	0.000191766721778894	145.481742
5_145524709	5_145544566_T_C	145544566	0.0002964	0.0008101	0.000190993517536457	145.544566
5_145524709	5_145446982_A_T	145446982	1.528e-05	8.122e-05	0.00019095132890777	145.446982
5_145524709	5_145489771_C_T	145489771	0.0003674	0.00116	0.000190548696424056	145.489771
5_145524709	5_145549205_G_A	145549205	0.0002194	0.00143	0.00018942048330032	145.549205
5_145524709	5_145514670_G_A	145514670	0.1833	0.5094	0.000189287068274605	145.51467
5_145524709	5_145460464_T_C	145460464	0.0002744	0.001871	0.000188990319700233	145.460464
5_145524709	5_145504426_A_G	145504426	0.0003983	0.00116	0.000188888276062789	145.504426
5_145524709	5_145488565_C_T	145488565	0.1512	0.5094	0.000188563914556759	145.488565
5_145524709	5_145552780_A_G	145552780	0.0002214	0.001273	0.000188396552547154	145.55278
5_145524709	5_145438900_C_T	145438900	0.001276	0.811	0.00018786643849015	145.4389
5_145524709	5_145559214_C_T	145559214	0.0002294	0.00116	0.000187327540684034	145.559214
5_145524709	5_145543109_C_T	145543109	0.0002886	0.00116	0.000187321226553833	145.543109
5_145524709	5_145519577_C_G	145519577	0.9471	0.4576	0.000187164456198181	145.519577
5_145524709	5_145541857_T_G	145541857	0.003217	0.003678	0.000187164456198181	145.541857
5_145524709	5_145543579_G_A	145543579	0.007691	0.003678	0.000187106205362324	145.543579
5_145524709	5_145478953_G_A	145478953	0.0003413	0.0009817	0.000186699509453271	145.478953
5_145524709	5_145549268_C_T	145549268	0.0002736	0.001544	0.000186525776978812	145.549268
5_145524709	5_145562143_G_A	145562143	0.0002134	0.00116	0.00018607716692316	145.562143
5_145524709	5_145602531_G_C	145602531	0.01048	0.008649	0.000184752870341936	145.602531
5_145524709	5_145559592_T_C	145559592	0.0002322	0.00116	0.000184170608671668	145.559592
5_145524709	5_145425417_T_G	145425417	1.992e-05	4.913e-05	0.000183511337512693	145.425417
5_145524709	5_145507741_T_C	145507741	0.1736	0.5094	0.00018273163112088	145.507741
5_145524709	5_145534140_C_T	145534140	0.0003337	0.00116	0.00018268407062655	145.53414
5_145524709	5_145513550_G_A	145513550	0.0003677	0.00116	0.000180663213490903	145.51355
5_145524709	5_145583025_C_G	145583025	0.005603	0.01473	0.000180061440674619	145.583025
5_145524709	5_145559423_T_C	145559423	0.0002313	0.00116	0.0001799533531039	145.559423
5_145524709	5_145619035_C_T	145619035	0.9345	0.127	0.000178040088694881	145.619035
5_145524709	5_145442203_G_C	145442203	3.056e-05	9.957e-05	0.000177875416968297	145.442203
5_145524709	5_145548460_T_C	145548460	0.006489	0.003678	0.000174032987206927	145.54846
5_145524709	5_145508637_A_C	145508637	0.0003912	0.00116	0.000172958079508487	145.508637
5_145524709	5_145463878_G_A	145463878	0.2499	0.1725	0.000172653126253635	145.463878
5_145524709	5_145457172_A_T	145457172	0.0002751	0.001678	0.000172605649897321	145.457172
5_145524709	5_145439098_C_T	145439098	1.748e-05	0.9403	0.000172456512239841	145.439098
5_145524709	5_145564409_A_C	145564409	0.007745	0.007398	0.000171573721379326	145.564409
5_145524709	5_145517432_C_T	145517432	0.0003518	0.00116	0.000170228684970528	145.517432
5_145524709	5_145538924_T_A	145538924	0.0002963	0.00116	0.000170228684970528	145.538924
5_145524709	5_145550668_C_G	145550668	0.0002574	0.00116	0.000170180922760358	145.550668
5_145524709	5_145560831_G_A	145560831	0.0002211	0.00116	0.000169609957299322	145.560831
5_145524709	5_145448171_G_A	145448171	0.8716	0.7155	0.000169515186121352	145.448171
5_145524709	5_145539123_T_A	145539123	0.0003027	0.00116	0.000169373237088571	145.539123
5_145524709	5_145528625_C_T	145528625	0.0003341	0.3898	0.000169373237088571	145.528625
5_145524709	5_145492085_C_T	145492085	0.007565	0.003678	0.000169213236140217	145.492085
5_145524709	5_145571733_C_T	145571733	0.006357	0.007385	0.000168479974502512	145.571733
5_145524709	5_145622472_T_C	145622472	0.0007042	0.002546	0.000168199937270826	145.622472
5_145524709	5_145481778_C_A	145481778	0.0003591	0.3898	0.00016806028385206	145.481778
5_145524709	5_145510123_A_T	145510123	0.0003769	0.00116	0.000167920873041023	145.510123
5_145524709	5_145550813_G_A	145550813	0.006599	0.003678	0.000167735368243765	145.550813
5_145524709	5_145604635_G_A	145604635	0.0006206	0.002281	0.000167735368243765	145.604635
5_145524709	5_145424966_T_G	145424966	0.3696	0.1455	0.000167457914305414	145.424966
5_145524709	5_145548934_A_G	145548934	0.2287	0.6318	0.000167319547429102	145.548934
5_145524709	5_145483359_G_A	145483359	0.0003643	0.0009817	0.000167135430273555	145.483359
5_145524709	5_145483679_T_C	145483679	0.009505	0.00314	0.000167135430273555	145.483679
5_145524709	5_145510261_A_G	145510261	0.000372	0.00116	0.000166676988247891	145.510261
5_145524709	5_145581516_C_T	145581516	0.1854	0.3569	0.000165407246629235	145.581516
5_145524709	5_145484785_A_C	145484785	0.1645	0.5094	0.000165182635285451	145.484785
5_145524709	5_145509380_G_A	145509380	0.1904	0.5094	0.00016402487696722	145.50938
5_145524709	5_145457587_G_T	145457587	0.879	0.977	0.000163672054419448	145.457587
5_145524709	5_145568618_C_T	145568618	0.3621	0.3947	0.000163320817757358	145.568618
5_145524709	5_145440663_C_T	145440663	1.64e-05	9.101e-05	0.000163145790752154	145.440663
5_145524709	5_145464468_C_A	145464468	0.0002767	0.001778	0.000161802535938568	145.464468
5_145524709	5_145474499_C_T	145474499	0.004203	0.9228	0.000161716669190606	145.474499
5_145524709	5_145492230_G_A	145492230	0.0003691	0.00116	0.000161203466415198	145.49223
5_145524709	5_145621179_G_T	145621179	0.3542	0.9325	0.000160990637291694	145.621179
5_145524709	5_145622399_G_A	145622399	0.1816	0.5226	0.000159851454240444	145.622399
5_145524709	5_145578506_C_T	145578506	0.005328	0.01473	0.000159767741529097	145.578506
5_145524709	5_145487105_T_C	145487105	0.0003846	0.0009817	0.000159725919602267	145.487105
5_145524709	5_145517749_G_A	145517749	0.008213	0.003678	0.000159517153492499	145.517749
5_145524709	5_145510143_C_T	145510143	0.0003758	0.00116	0.000159517153492499	145.510143
5_145524709	5_145453133_G_A	145453133	0.4454	0.2483	0.000159350551691685	145.453133
5_145524709	5_145494302_C_A	145494302	0.0003883	0.001101	0.000158716834148588	145.494302
5_145524709	5_145601342_A_G	145601342	0.4055	0.2611	0.000158056216030353	145.601342
5_145524709	5_145484896_T_C	145484896	0.0003469	0.0009817	0.000158030743945108	145.484896
5_145524709	5_145599767_G_A	145599767	0.6048	0.5277	0.000157745081980666	145.599767
5_145524709	5_145496311_C_T	145496311	0.009646	0.00445	0.000157595325685647	145.496311
5_145524709	5_145552692_C_T	145552692	0.0002661	0.00116	0.000156573058271061	145.552692
5_145524709	5_145598013_A_G	145598013	0.0006991	0.002281	0.000156412829677685	145.598013
5_145524709	5_145454654_C_A	145454654	0.0002745	0.001678	0.000156093400829097	145.454654
5_145524709	5_145487296_T_A	145487296	0.0003564	0.3898	0.000155537676443069	145.487296
5_145524709	5_145425927_C_T	145425927	2.566e-05	6.803e-05	0.000154127520105231	145.425927
5_145524709	5_145466813_A_G	145466813	0.2501	0.8281	0.000153768638086319	145.466813
5_145524709	5_145495320_A_G	145495320	0.0003963	0.00133	0.000153701964918363	145.49532
5_145524709	5_145519821_G_A	145519821	0.0003489	0.00116	0.000153624855594143	145.519821
5_145524709	5_145509728_A_C	145509728	0.19	0.5094	0.000153547827282494	145.509728
5_145524709	5_145547159_A_G	145547159	0.0002829	0.001354	0.000153509343465969	145.547159
5_145524709	5_145442572_C_T	145442572	1.073e-05	0.0001134	0.000153456763372938	145.442572
5_145524709	5_145528856_G_A	145528856	0.0003393	0.00116	0.00015339401318003	145.528856
5_145524709	5_145524513_C_T	145524513	0.000347	0.00116	0.000153202198950574	145.524513
5_145524709	5_145546143_G_A	145546143	0.7136	0.6758	0.000153145181357846	145.546143
5_145524709	5_145564697_A_G	145564697	0.0003322	0.2419	0.000152858196801749	145.564697
5_145524709	5_145485979_G_C	145485979	0.1753	0.5094	0.000152389436959734	145.485979
5_145524709	5_145554549_G_A	145554549	0.01305	0.003678	0.000151911071195802	145.554549
5_145524709	5_145485547_G_C	145485547	0.1608	0.5094	0.000151911071195802	145.485547
5_145524709	5_145545432_C_T	145545432	0.0002834	0.00116	0.000151873441836222	145.545432
5_145524709	5_145541415_A_G	145541415	0.00691	0.006803	0.000151849648499162	145.541415
5_145524709	5_145518742_G_A	145518742	0.0003568	0.00116	0.000151816526291868	145.518742
5_145524709	5_145557993_G_A	145557993	0.0002453	0.00116	0.000151760670857362	145.557993
5_145524709	5_145507654_C_G	145507654	0.0003947	0.00116	0.000151424798529657	145.507654
5_145524709	5_145588021_C_G	145588021	0.0007528	0.002281	0.000151087712408521	145.588021
5_145524709	5_145445844_C_T	145445844	1.599e-05	9.635e-05	0.000150532934524535	145.445844
5_145524709	5_145480826_G_A	145480826	0.0003508	0.0009817	0.000150488758941892	145.480826
5_145524709	5_145567528_C_T	145567528	0.1842	0.463	0.000150457856227988	145.567528
5_145524709	5_145619745_C_T	145619745	0.9361	0.5033	0.000150437111435764	145.619745
5_145524709	5_145516965_G_A	145516965	0.00036	0.00116	0.000150347275812022	145.516965
5_145524709	5_145479721_C_T	145479721	0.0003511	0.0006842	0.000150137199464429	145.479721
5_145524709	5_145520991_G_A	145520991	0.266	0.8495	0.000149943267242072	145.520991
5_145524709	5_145566062_T_C	145566062	0.0003148	0.002247	0.000149796918481442	145.566062
5_145524709	5_145552906_T_C	145552906	0.0001118	0.00116	0.000149007818494907	145.552906
5_145524709	5_145546458_C_T	145546458	0.0002795	0.00116	0.000147851359390206	145.546458
5_145524709	5_145618811_C_T	145618811	0.0006949	0.002281	0.000147554623329407	145.618811
5_145524709	5_145553402_G_C	145553402	0.0003961	0.001065	0.000147355207403746	145.553402
5_145524709	5_145436840_T_C	145436840	1.694e-05	4.074e-05	0.000147355207403746	145.43684
5_145524709	5_145517714_T_C	145517714	0.0003596	0.00116	0.000147283407416915	145.517714
5_145524709	5_145542125_C_T	145542125	0.1704	0.5094	0.000146406999611817	145.542125
5_145524709	5_145535976_G_C	145535976	0.0003285	0.00116	0.000145117045790869	145.535976
5_145524709	5_145466278_C_T	145466278	0.007202	0.005794	0.000144890772871413	145.466278
5_145524709	5_145556237_A_G	145556237	0.0002429	0.00116	0.000144890772871413	145.556237
5_145524709	5_145442133_G_A	145442133	0.8878	0.009989	0.00014456319288465	145.442133
5_145524709	5_145508340_A_G	145508340	0.0003912	0.00116	0.000144279939038323	145.50834
5_145524709	5_145470471_G_T	145470471	0.0003128	0.001741	0.000143976541547803	145.470471
5_145524709	5_145550738_G_A	145550738	0.1435	0.7498	0.000143942913242232	145.550738
5_145524709	5_145425317_G_A	145425317	8.371e-06	4.572e-05	0.000143775018374413	145.425317
5_145524709	5_145532226_C_G	145532226	0.1692	0.463	0.000143707975307279	145.532226
5_145524709	5_145489251_C_T	145489251	0.008013	0.003478	0.000143507238714116	145.489251
5_145524709	5_145559965_C_T	145559965	0.0002288	0.00222	0.000142545238471796	145.559965
5_145524709	5_145555285_G_A	145555285	0.0002494	0.00116	0.000142512307053013	145.555285
5_145524709	5_145495088_C_G	145495088	0.1679	0.5094	0.000142413608417948	145.495088
5_145524709	5_145429341_G_C	145429341	1.922e-05	6.003e-05	0.00014192225673554	145.429341
5_145524709	5_145530434_G_A	145530434	0.0003327	0.00116	0.000141726709575537	145.530434
5_145524709	5_145483703_G_A	145483703	0.3055	0.1287	0.000140437356517321	145.483703
5_145524709	5_145516105_G_A	145516105	0.0003622	0.00116	0.000140187292471071	145.516105
5_145524709	5_145552542_T_C	145552542	0.006952	0.003678	0.000140107266323173	145.552542
5_145524709	5_145433340_G_A	145433340	1.8e-05	3.974e-05	0.000139684579351297	145.43334
5_145524709	5_145456724_T_C	145456724	0.0002686	0.001678	0.000138491322744584	145.456724
5_145524709	5_145453504_G_A	145453504	0.001308	0.005007	0.000137992520894416	145.453504
5_145524709	5_145597892_T_C	145597892	0.0007016	0.002281	0.00013750199830528	145.597892
5_145524709	5_145605494_C_T	145605494	0.2573	0.3981	0.000136833467915786	145.605494
5_145524709	5_145583623_A_G	145583623	0.0002063	0.005539	0.000135635254186382	145.583623
5_145524709	5_145602934_C_T	145602934	0.23	0.3569	0.000135046173609675	145.602934
5_145524709	5_145560697_A_T	145560697	0.0002223	0.00116	0.000134929442929143	145.560697
5_145524709	5_145467826_A_G	145467826	0.7249	0.5214	0.000129674856777277	145.467826
5_145524709	5_145591765_C_T	145591765	0.2127	0.3569	0.000129245422077164	145.591765
5_145524709	5_145575898_G_A	145575898	0.1608	0.175	0.000129151866144606	145.575898
5_145524709	5_145534017_C_A	145534017	0.007647	0.003678	0.000128572656374071	145.534017
5_145524709	5_145552776_G_A	145552776	0.000223	0.001273	0.000128369135539143	145.552776
5_145524709	5_145491603_G_A	145491603	0.0003608	0.00116	0.00012773193625468	145.491603
5_145524709	5_145450670_A_T	145450670	7.814e-06	0.009313	0.000127428495726836	145.45067
5_145524709	5_145550605_G_A	145550605	0.7739	0.4632	0.000126941982230949	145.550605
5_145524709	5_145492847_C_G	145492847	0.4244	0.2483	0.000124934872716503	145.492847
5_145524709	5_145515379_C_T	145515379	0.00867	0.003678	0.00012209227029777	145.515379
5_145524709	5_145574895_G_A	145574895	0.000264	0.002996	0.000120025733335429	145.574895
5_145524709	5_145466476_A_G	145466476	0.0002837	0.002632	0.00011988196950843	145.466476
5_145524709	5_145507406_T_G	145507406	0.0003945	0.00116	0.000116644198797805	145.507406
5_145524709	5_145551987_A_G	145551987	0.0002663	0.00116	0.000116021205227522	145.551987
5_145524709	5_145607302_C_A	145607302	0.0003432	0.002769	0.000115173383398231	145.607302
5_145524709	5_145622053_G_C	145622053	0.01126	0.01029	0.000113586227436316	145.622053
5_145524709	5_145478009_C_T	145478009	0.008132	0.00314	0.000106783903917567	145.478009
5_145524709	5_145445685_G_A	145445685	0.244	0.0874	0.000106334478532416	145.445685
5_145524709	5_145539222_T_C	145539222	0.0002963	0.00116	0.000102342457948417	145.539222
5_145524709	5_145495287_T_C	145495287	0.009802	0.004095	0.000102312484590608	145.495287
5_145524709	5_145520186_G_T	145520186	0.0003509	0.001723	0.000101480627984373	145.520186
5_145524709	5_145492835_T_C	145492835	0.4243	0.2483	9.97074503822802e-05	145.492835
5_145524709	5_145601898_T_C	145601898	0.2507	0.3981	9.86287327232925e-05	145.601898
5_145524709	5_145531921_G_A	145531921	0.007548	0.003678	9.71201478933013e-05	145.531921
5_145524709	5_145546258_A_C	145546258	0.0002906	0.00116	9.49052370955202e-05	145.546258
5_145524709	5_145567543_T_C	145567543	0.0003303	0.002424	9.48155666239872e-05	145.567543
5_145524709	5_145561207_C_T	145561207	0.0002258	0.00116	9.23567543095702e-05	145.561207
5_145524709	5_145425583_C_T	145425583	1.889e-05	5.445e-05	9.19278126329612e-05	145.425583
5_145524709	5_145510176_A_G	145510176	0.0003755	0.00116	9.10897534365865e-05	145.510176
5_145524709	5_145618132_T_G	145618132	0.0004123	0.001996	9.1014053205756e-05	145.618132
5_145524709	5_145574625_C_T	145574625	0.1766	0.463	9.06887400526805e-05	145.574625
5_145524709	5_145623087_A_T	145623087	0.0112	0.008649	8.99472300339562e-05	145.623087
5_145524709	5_145432518_A_G	145432518	1.947e-05	3.974e-05	8.98493201051851e-05	145.432518
5_145524709	5_145487667_T_G	145487667	0.0004901	0.001553	8.90276028520263e-05	145.487667
5_145524709	5_145554718_G_A	145554718	0.0002475	0.00116	8.85145289861224e-05	145.554718
5_145524709	5_145562565_G_A	145562565	0.0002344	0.0008101	8.77243032546816e-05	145.562565
5_145524709	5_145589675_G_A	145589675	0.3978	0.5732	8.76392255276604e-05	145.589675
5_145524709	5_145521654_C_T	145521654	0.0003484	0.00116	8.6380847701697e-05	145.521654
5_145524709	5_145500101_G_C	145500101	0.1538	0.5094	8.53162694110208e-05	145.500101
5_145524709	5_145505759_A_G	145505759	0.0004001	0.00116	8.06115366141013e-05	145.505759
5_145524709	5_145461596_A_C	145461596	0.0002718	0.001982	7.89250773230184e-05	145.461596
5_145524709	5_145547167_C_A	145547167	0.0001241	0.00116	7.46279867134099e-05	145.547167
5_145524709	5_145513407_T_C	145513407	0.0003673	0.00116	7.20169982550703e-05	145.513407
5_145524709	5_145466953_G_A	145466953	0.7921	0.621	6.15847459309411e-05	145.466953
5_145524709	5_145467340_G_A	145467340	0.0002887	0.003031	5.49762547934513e-05	145.46734
5_145524709	5_145512975_T_C	145512975	0.4037	0.2483	5.23218026496758e-05	145.512975
5_145524709	5_145471702_T_G	145471702	0.0003324	0.001741	5.08164498772809e-05	145.471702
5_145524709	5_145429963_C_T	145429963	0.8586	0.01707	4.98991358616398e-05	145.429963
5_145524709	5_145442495_G_A	145442495	1.737e-05	0.000103	4.96163038831641e-05	145.442495
5_145524709	5_145473817_G_A	145473817	0.0003198	0.0009702	4.95705803623431e-05	145.473817
5_145524709	5_145443956_G_A	145443956	0.7082	0.5685	4.95510116980803e-05	145.443956
5_145524709	5_145560876_G_A	145560876	0.0002208	0.00116	4.92980902453824e-05	145.560876
5_145524709	5_145520141_C_T	145520141	0.0003393	0.001264	4.91951115903825e-05	145.520141
5_145524709	5_145496266_G_A	145496266	0.000385	0.001581	4.91630235238549e-05	145.496266
5_145524709	5_145603279_T_G	145603279	0.23	0.3569	4.91373847645209e-05	145.603279
5_145524709	5_145508636_T_C	145508636	0.001522	0.00116	4.90287332008689e-05	145.508636
5_145524709	5_145490378_A_C	145490378	0.1567	0.5094	4.61004707671156e-05	145.490378
5_145524709	5_145620060_T_C	145620060	0.2969	0.1625	4.60724828455869e-05	145.62006
5_145524709	5_145560872_C_T	145560872	0.181	0.463	4.56933915107082e-05	145.560872
5_145524709	5_145549968_T_C	145549968	0.1781	0.463	4.47308647144868e-05	145.549968
5_145524709	5_145513868_C_A	145513868	0.007688	0.003678	4.22821562490199e-05	145.513868
5_145524709	5_145513188_A_G	145513188	0.0003658	0.00116	2.03258030784074e-05	145.513188
5_145524709	5_145520275_A_G	145520275	0.0003524	0.00116	1.57566054037694e-05	145.520275
5_145524709	5_145555174_A_G	145555174	0.0002545	0.00116	1.55939101930887e-05	145.555174
5_145524709	5_145556140_C_T	145556140	0.0002434	0.00116	1.3932872194905e-05	145.55614
5_145524709	5_145506602_G_A	145506602	0.0003953	0.00116	1.34745897167627e-05	145.506602
5_145524709	5_145428027_A_G	145428027	2.259e-05	5.227e-05	7.74554605504324e-06	145.428027
5_145524709	5_145465914_A_G	145465914	0.0002832	0.001982	6.25912980949121e-06	145.465914
5_145524709	5_145455155_A_C	145455155	0.0002751	0.001678	4.97350582929878e-06	145.455155
5_145524709	5_145456467_C_G	145456467	0.1529	0.3871	4.14284599719983e-06	145.456467
5_145524709	5_145425648_G_A	145425648	1.926e-05	4.913e-05	4.08152874433802e-06	145.425648
5_145524709	5_145562792_A_C	145562792	0.0001485	0.002247	3.94063616816322e-06	145.562792
5_145524709	5_145463595_T_C	145463595	0.0002875	0.001871	3.89942317387137e-06	145.463595
5_145524709	5_145569595_T_C	145569595	0.006893	0.007281	3.8885971272682e-06	145.569595
5_145524709	5_145510363_C_T	145510363	0.9793	0.805	3.86885835808253e-06	145.510363
5_145524709	5_145508471_T_C	145508471	0.000394	0.00116	3.6727257192944e-06	145.508471
5_145524709	5_145579236_T_C	145579236	0.2181	0.3981	3.6236197855896e-06	145.579236
5_145524709	5_145522926_A_C	145522926	0.1834	0.5094	3.61840994210671e-06	145.522926
5_145524709	5_145591996_C_T	145591996	0.0007012	0.002281	3.60036193556985e-06	145.591996
5_145524709	5_145574086_C_A	145574086	0.0002777	0.002454	3.58210822020824e-06	145.574086
5_145524709	5_145600206_A_G	145600206	0.2858	0.3569	3.5654134024164e-06	145.600206
5_145524709	5_145513033_A_G	145513033	0.0003681	0.00116	3.56418399433804e-06	145.513033
5_145524709	5_145526608_C_T	145526608	0.0003343	0.00116	3.39640807284532e-06	145.526608
5_145524709	5_145554651_G_A	145554651	0.0002531	0.00116	3.37391214813779e-06	145.554651
5_145524709	5_145551181_C_A	145551181	0.0002687	0.00116	3.36332581595712e-06	145.551181
5_145524709	5_145458052_A_G	145458052	0.0002797	0.001678	3.24670219150371e-06	145.458052
5_145524709	5_145596180_C_T	145596180	0.2692	0.3569	3.20822252293426e-06	145.59618
5_145524709	5_145592294_A_G	145592294	0.0006763	0.002281	3.14782464135948e-06	145.592294
5_145524709	5_145453932_T_C	145453932	0.0003793	0.001886	3.10521984941046e-06	145.453932
5_145524709	5_145544646_A_C	145544646	0.000286	0.0008101	3.10100289523676e-06	145.544646
5_145524709	5_145555060_A_G	145555060	0.0001095	0.00116	3.05977780642867e-06	145.55506
5_145524709	5_145502957_A_G	145502957	0.008553	0.003678	3.05419447342755e-06	145.502957
5_145524709	5_145491421_T_C	145491421	0.04917	0.5584	3.02344528164204e-06	145.491421
5_145524709	5_145571063_G_A	145571063	0.1738	0.463	2.82554588212214e-06	145.571063
5_145524709	5_145505337_G_A	145505337	0.0004203	0.00116	2.73036309974591e-06	145.505337
5_145524709	5_145612822_A_G	145612822	0.2273	0.3569	2.66500968572208e-06	145.612822
5_145524709	5_145569856_C_G	145569856	0.0003194	0.002424	2.63455544637729e-06	145.569856
5_145524709	5_145543972_G_A	145543972	0.0001258	0.00116	2.59507023488267e-06	145.543972
5_145524709	5_145505085_A_G	145505085	0.0004007	0.00116	2.49742757146109e-06	145.505085
5_145524709	5_145533418_T_A	145533418	0.000335	0.00116	2.3866455102153e-06	145.533418
5_145524709	5_145453377_C_G	145453377	0.001307	0.004315	2.38021828027587e-06	145.453377
5_145524709	5_145549763_G_C	145549763	0.0002692	0.00116	2.32228739636392e-06	145.549763
5_145524709	5_145508457_T_C	145508457	0.000393	0.00116	2.26063387638544e-06	145.508457
5_145524709	5_145565583_G_T	145565583	0.1802	0.463	2.24119304810658e-06	145.565583
5_145524709	5_145504347_A_C	145504347	0.0003982	0.00116	2.22219467475293e-06	145.504347
5_145524709	5_145575542_C_T	145575542	0.1835	0.463	2.07828697259044e-06	145.575542
5_145524709	5_145517253_A_T	145517253	0.0003567	0.00116	1.99525733318277e-06	145.517253
5_145524709	5_145424849_G_A	145424849	2.111e-05	4.913e-05	1.99007198238707e-06	145.424849
5_145524709	5_145513647_A_T	145513647	0.0003682	0.00116	1.98787617329988e-06	145.513647
5_145524709	5_145425935_T_C	145425935	2.622e-05	6.803e-05	1.87327041959392e-06	145.425935
5_145524709	5_145501636_C_T	145501636	0.000488	0.0009421	1.87185059980595e-06	145.501636
5_145524709	5_145559173_T_C	145559173	0.0002314	0.00116	1.86002037907633e-06	145.559173
5_145524709	5_145622453_T_C	145622453	0.9799	0.5033	1.79255828091182e-06	145.622453
5_145524709	5_145516246_T_C	145516246	0.1667	0.5094	1.69544540631403e-06	145.516246
5_145524709	5_145547041_A_G	145547041	0.0002796	0.00116	1.59155238073205e-06	145.547041
5_145524709	5_145547839_T_C	145547839	0.2371	0.463	1.5209104415774e-06	145.547839
5_145524709	5_145599258_C_G	145599258	0.0006952	0.002281	1.51131407402544e-06	145.599258
5_145524709	5_145519603_C_T	145519603	0.0003528	0.00116	1.50486355676965e-06	145.519603
5_145524709	5_145588483_G_A	145588483	0.01092	0.008649	1.47853437316417e-06	145.588483
5_145524709	5_145539339_T_G	145539339	0.0002951	0.00116	1.4750970740568e-06	145.539339
5_145524709	5_145596825_C_T	145596825	0.2292	0.3569	1.47171250093034e-06	145.596825
5_145524709	5_145589542_C_T	145589542	0.01067	0.008649	1.46968974794171e-06	145.589542
5_145524709	5_145568364_T_A	145568364	0.6229	0.07165	1.4574570007735e-06	145.568364
5_145524709	5_145481887_C_T	145481887	0.0003595	0.0009817	1.45086987871167e-06	145.481887
5_145524709	5_145556744_A_G	145556744	0.0002429	0.00116	1.38141062503048e-06	145.556744
5_145524709	5_145473858_T_C	145473858	0.0003226	0.0009702	1.36588229294145e-06	145.473858
5_145524709	5_145516389_G_A	145516389	0.007577	0.003311	1.35119409995864e-06	145.516389
5_145524709	5_145519167_G_A	145519167	0.002796	0.07473	1.34868849564971e-06	145.519167
5_145524709	5_145587332_C_T	145587332	0.0007523	0.002281	1.34452980626954e-06	145.587332
5_145524709	5_145427105_G_T	145427105	1.919e-05	4.913e-05	1.33684434045865e-06	145.427105
5_145524709	5_145594215_T_C	145594215	0.01003	0.009371	1.3299849513745e-06	145.594215
5_145524709	5_145453274_T_C	145453274	0.0001802	0.001137	1.3175123189322e-06	145.453274
5_145524709	5_145538828_C_T	145538828	0.1748	0.463	1.29469189771005e-06	145.538828
5_145524709	5_145493265_A_T	145493265	0.000363	0.002304	1.28861618381778e-06	145.493265
5_145524709	5_145521616_G_A	145521616	0.7283	0.6925	1.11391557365998e-06	145.521616
5_145524709	5_145527666_A_G	145527666	0.004937	0.9122	1.08949303867056e-06	145.527666
5_145524709	5_145582532_G_C	145582532	0.0002443	0.00438	1.04097998831614e-06	145.582532
5_145524709	5_145583732_G_A	145583732	0.2127	0.3981	1.03216514373095e-06	145.583732
5_145524709	5_145510806_A_G	145510806	0.0003773	0.00116	1.01554902977443e-06	145.510806
5_145524709	5_145450586_G_A	145450586	4.149e-06	0.007329	7.03245536367936e-07	145.450586
5_145524709	5_145607568_C_T	145607568	0.216	0.3981	4.8180315860333e-07	145.607568
5_145524709	5_145609540_G_A	145609540	0.3017	0.1625	4.21400506881684e-07	145.60954
5_145524709	5_145600690_G_A	145600690	0.009619	0.4681	4.08472012795549e-07	145.60069
5_145524709	5_145579686_A_G	145579686	0.005799	0.01473	2.44995181777595e-07	145.579686
5_145524709	5_145511921_G_A	145511921	0.0003738	0.00116	8.22862910360608e-08	145.511921
5_145524709	5_145572658_C_T	145572658	0.006869	0.007385	6.92810242630093e-08	145.572658
5_145524709	5_145426157_G_A	145426157	0.1241	0.8142	6.81340013132601e-08	145.426157
5_145524709	5_145507901_T_C	145507901	0.1662	0.5094	6.62117926904742e-08	145.507901
5_145524709	5_145492947_T_C	145492947	0.1671	0.5094	6.3338152174766e-08	145.492947
5_145524709	5_145598283_A_T	145598283	0.0006942	0.002281	5.72006006745863e-08	145.598283
5_145524709	5_145535779_C_T	145535779	0.0003284	0.00116	5.29288238146787e-08	145.535779
5_145524709	5_145487687_A_C	145487687	0.0005189	0.001553	5.00214383151727e-08	145.487687
5_145524709	5_145532859_T_C	145532859	0.009149	0.003678	4.95703757493223e-08	145.532859
5_145524709	5_145510277_T_C	145510277	0.0003717	0.00116	4.93458374449086e-08	145.510277
5_145524709	5_145453573_T_C	145453573	0.0001886	0.001137	4.80188229008418e-08	145.453573
5_145524709	5_145477029_A_G	145477029	0.0003262	0.001034	4.66559005752644e-08	145.477029
5_145524709	5_145529572_C_T	145529572	0.000333	0.00116	4.60737304388365e-08	145.529572
5_145524709	5_145453440_C_T	145453440	0.001322	0.004315	4.49253100826402e-08	145.45344
5_145524709	5_145511702_C_T	145511702	0.008859	0.003678	4.44353013305163e-08	145.511702
5_145524709	5_145535347_G_C	145535347	0.0003302	0.00116	3.89335883233516e-08	145.535347
5_145524709	5_145567191_G_A	145567191	0.007396	0.007398	3.69560105816275e-08	145.567191
5_145524709	5_145433763_C_T	145433763	2.09e-05	4.564e-05	3.69412227220852e-08	145.433763
5_145524709	5_145504688_T_C	145504688	0.009274	0.003678	3.67439947176466e-08	145.504688
5_145524709	5_145608826_G_T	145608826	0.0246	0.7842	3.65832294339685e-08	145.608826
5_145524709	5_145515346_C_T	145515346	0.0001658	0.00116	3.34716813387635e-08	145.515346
5_145524709	5_145527627_C_T	145527627	0.159	0.5094	3.23256876452362e-08	145.527627
5_145524709	5_145483844_A_T	145483844	0.0003444	0.0009817	3.04222144292035e-08	145.483844
5_145524709	5_145587065_T_C	145587065	0.0007245	0.00204	2.91110062036486e-08	145.587065
5_145524709	5_145430616_G_A	145430616	2.852e-05	3.424e-05	2.89299701967419e-08	145.430616
5_145524709	5_145565996_A_T	145565996	0.0003176	0.002247	2.87790733321285e-08	145.565996
5_145524709	5_145436464_C_G	145436464	0.6511	0.2282	2.79530916074561e-08	145.436464
5_145524709	5_145568549_G_C	145568549	0.0003352	0.002424	2.7399824277485e-08	145.568549
5_145524709	5_145610919_C_T	145610919	0.4428	0.5311	2.68007846648878e-08	145.610919
5_145524709	5_145537567_T_C	145537567	0.0003238	0.00116	2.62238612622732e-08	145.537567
5_145524709	5_145590248_T_C	145590248	0.01114	0.008649	2.61147199087487e-08	145.590248
5_145524709	5_145567577_C_T	145567577	0.1802	0.463	2.58074968223802e-08	145.567577
5_145524709	5_145575073_G_C	145575073	0.000276	0.002996	2.5786588794021e-08	145.575073
5_145524709	5_145565057_C_G	145565057	0.1822	0.463	2.56315519488649e-08	145.565057
5_145524709	5_145509573_G_A	145509573	0.0003868	0.00116	2.52991783216893e-08	145.509573
5_145524709	5_145591137_T_C	145591137	0.01074	0.008649	2.51048120433561e-08	145.591137
5_145524709	5_145481400_A_G	145481400	0.0003539	0.0009817	2.51016656088253e-08	145.4814
5_145524709	5_145513517_A_C	145513517	0.0003669	0.00116	2.44728754396778e-08	145.513517
5_145524709	5_145555812_C_T	145555812	0.0002349	0.00116	2.43828092795277e-08	145.555812
5_145524709	5_145425028_G_A	145425028	1.98e-05	4.913e-05	2.33708247819289e-08	145.425028
5_145524709	5_145582811_G_A	145582811	0.005912	0.01473	2.30175453965845e-08	145.582811
5_145524709	5_145524690_G_C	145524690	0.1738	0.463	2.2866793153717e-08	145.52469
5_145524709	5_145481190_T_A	145481190	0.0003538	0.0009817	2.24415745918502e-08	145.48119
5_145524709	5_145539259_G_C	145539259	0.0002958	0.00116	2.22722226008191e-08	145.539259
5_145524709	5_145570798_G_A	145570798	0.1955	0.463	2.22285176003091e-08	145.570798
5_145524709	5_145615275_C_T	145615275	0.0004149	0.001996	2.21656051254087e-08	145.615275
5_145524709	5_145541101_A_G	145541101	0.0002964	0.00116	2.21305268675764e-08	145.541101
5_145524709	5_145545671_A_G	145545671	0.0002826	0.00116	2.18678470570127e-08	145.545671
5_145524709	5_145523105_G_A	145523105	0.0003519	0.00116	2.18376284342236e-08	145.523105
5_145524709	5_145587056_A_G	145587056	0.01127	0.007888	2.1638882218852e-08	145.587056
5_145524709	5_145513676_G_C	145513676	0.02134	0.003678	2.15704151886982e-08	145.513676
5_145524709	5_145454232_T_C	145454232	0.0002077	0.001576	2.15503156436623e-08	145.454232
5_145524709	5_145555322_C_T	145555322	0.0009668	0.001212	2.15131531088367e-08	145.555322
5_145524709	5_145526827_C_G	145526827	0.0003388	0.00116	2.14639447168294e-08	145.526827
5_145524709	5_145514420_A_G	145514420	0.0003795	0.00116	2.12091903014055e-08	145.51442
5_145524709	5_145566316_T_C	145566316	0.0003147	0.002247	2.11571958336466e-08	145.566316
5_145524709	5_145483713_C_T	145483713	0.0003411	0.0009817	2.11416398721162e-08	145.483713
5_145524709	5_145553233_C_T	145553233	0.846	0.5024	2.11416398721162e-08	145.553233
5_145524709	5_145553117_T_A	145553117	0.2165	0.463	2.10554508361745e-08	145.553117
5_145524709	5_145514426_C_T	145514426	0.0003764	0.00116	2.10468824468241e-08	145.514426
5_145524709	5_145427762_T_C	145427762	0.9463	0.9925	2.10126999896499e-08	145.427762
5_145524709	5_145494928_C_T	145494928	0.8783	0.6839	2.09603199633533e-08	145.494928
5_145524709	5_145505484_T_G	145505484	0.0003986	0.00116	2.09205390656593e-08	145.505484
5_145524709	5_145523520_G_A	145523520	0.0003435	0.00116	2.09152252512802e-08	145.52352
5_145524709	5_145511343_A_G	145511343	0.0003716	0.00116	2.09026039484151e-08	145.511343
5_145524709	5_145528330_G_A	145528330	0.000336	0.00116	2.08495162086018e-08	145.52833
5_145524709	5_145516471_C_T	145516471	0.0003608	0.001026	2.08080183639771e-08	145.516471
5_145524709	5_145570107_C_T	145570107	0.8944	0.3887	2.07774324698919e-08	145.570107
5_145524709	5_145520137_A_G	145520137	0.000316	0.001529	2.06705296899038e-08	145.520137
5_145524709	5_145532876_A_G	145532876	0.000335	0.00116	2.06054584275343e-08	145.532876
5_145524709	5_145453340_G_C	145453340	0.001357	0.005007	2.06054584275343e-08	145.45334
5_145524709	5_145524401_G_C	145524401	0.0003439	0.00116	2.05891895361972e-08	145.524401
5_145524709	5_145471741_T_C	145471741	0.0003505	0.001644	2.05805607182218e-08	145.471741
5_145524709	5_145525148_T_C	145525148	0.007434	0.003678	2.05604783471517e-08	145.525148
5_145524709	5_145546417_T_A	145546417	0.09052	0.5406	2.05543497325313e-08	145.546417
5_145524709	5_145524824_T_G	145524824	0.1818	0.463	2.05409237141885e-08	145.524824
5_145524709	5_145453927_G_A	145453927	0.002398	0.006795	2.05088554642205e-08	145.453927
5_145524709	5_145571995_T_C	145571995	0.006536	0.007385	2.0476918846717e-08	145.571995
5_145524709	5_145560349_C_T	145560349	0.0002259	0.00116	2.04451130414311e-08	145.560349
5_145524709	5_145545881_C_A	145545881	0.0002974	0.00116	2.04448945780152e-08	145.545881
5_145524709	5_145472399_G_A	145472399	0.0003418	0.00135	2.03967650405254e-08	145.472399
5_145524709	5_145581548_G_C	145581548	0.005674	0.01473	2.03967650405254e-08	145.581548
5_145524709	5_145456227_C_T	145456227	0.0002671	0.001678	2.03426378126639e-08	145.456227
5_145524709	5_145577351_A_G	145577351	0.005814	0.01473	2.03176636461991e-08	145.577351
5_145524709	5_145611326_G_A	145611326	0.1986	0.0782	2.02880179696811e-08	145.611326
5_145524709	5_145451282_T_C	145451282	0.0001621	0.001145	2.02170804433193e-08	145.451282
5_145524709	5_145560420_G_A	145560420	0.1814	0.463	2.00639458151308e-08	145.56042
5_145524709	5_145467326_T_C	145467326	0.0003082	0.00286	2.00366208266017e-08	145.467326
5_145524709	5_145546680_G_A	145546680	0.0002802	0.00116	1.98465623294035e-08	145.54668
5_145524709	5_145584193_G_A	145584193	0.00558	0.01291	1.98252585724884e-08	145.584193
5_145524709	5_145608188_A_G	145608188	0.01723	0.01144	1.97400149615022e-08	145.608188
5_145524709	5_145577491_A_G	145577491	0.005878	0.01473	1.97372787542701e-08	145.577491
5_145524709	5_145554508_T_C	145554508	0.0001103	0.00116	1.96293719806448e-08	145.554508
5_145524709	5_145494847_C_T	145494847	0.0003898	0.001101	1.95874728842129e-08	145.494847
5_145524709	5_145499996_C_T	145499996	0.0004141	0.00116	1.95799272709951e-08	145.499996
5_145524709	5_145562351_A_G	145562351	0.0002471	0.0008101	1.942936823207e-08	145.562351
5_145524709	5_145453934_G_T	145453934	0.0003199	0.001886	1.93729711571682e-08	145.453934
5_145524709	5_145608295_C_G	145608295	0.0007033	0.002281	1.93351567482534e-08	145.608295
5_145524709	5_145563592_G_A	145563592	0.0003331	0.002247	1.92893855606054e-08	145.563592
5_145524709	5_145431924_T_C	145431924	0.006881	0.4853	1.91951935810986e-08	145.431924
5_145524709	5_145555168_C_A	145555168	0.3135	0.5032	1.90983320836716e-08	145.555168
5_145524709	5_145476805_C_T	145476805	0.0003246	0.001034	1.90701472164054e-08	145.476805
5_145524709	5_145516528_G_A	145516528	0.0003616	0.001026	1.88830176937205e-08	145.516528
5_145524709	5_145593185_G_A	145593185	0.0007007	0.002281	1.88795390982519e-08	145.593185
5_145524709	5_145513085_T_G	145513085	0.0003671	0.00116	1.82275096182676e-08	145.513085
5_145524709	5_145535518_A_G	145535518	0.0003297	0.00116	1.81536369486953e-08	145.535518
5_145524709	5_145550720_G_A	145550720	0.0002655	0.00116	1.81292202311978e-08	145.55072
5_145524709	5_145529556_A_G	145529556	0.0003321	0.00116	1.81016371458632e-08	145.529556
5_145524709	5_145617707_G_A	145617707	0.01061	0.008649	1.7792776271306e-08	145.617707
5_145524709	5_145512157_T_C	145512157	0.1867	0.5094	1.74988207360418e-08	145.512157
5_145524709	5_145461467_G_A	145461467	0.9966	0.1165	1.74804920690861e-08	145.461467
5_145524709	5_145456435_C_G	145456435	0.0002741	0.001678	1.71933567688656e-08	145.456435
5_145524709	5_145514649_C_T	145514649	0.008127	0.003678	1.61891639751868e-08	145.514649
5_145524709	5_145512807_T_C	145512807	0.0003716	0.00116	1.60425066510123e-08	145.512807
5_145524709	5_145536034_A_G	145536034	0.1749	0.463	1.53762773237794e-08	145.536034
5_145524709	5_145507827_T_C	145507827	0.0003939	0.00116	1.53375225565485e-08	145.507827
5_145524709	5_145534479_T_C	145534479	0.0003302	0.00116	1.48711919618931e-08	145.534479
5_145524709	5_145544766_A_G	145544766	0.0002831	0.00116	1.48321890453862e-08	145.544766
5_145524709	5_145547343_C_T	145547343	0.0401	0.7921	1.44081649384651e-08	145.547343
5_145524709	5_145541145_A_G	145541145	0.1879	0.5094	1.43012244841059e-08	145.541145
5_145524709	5_145544647_T_C	145544647	0.0002735	0.0008101	1.39480868832442e-08	145.544647
5_145524709	5_145495911_C_T	145495911	0.0003716	0.00116	1.29241613106022e-08	145.495911
5_145524709	5_145474584_G_A	145474584	0.0003135	0.001034	1.19029167616526e-08	145.474584
5_145524709	5_145579186_A_G	145579186	0.2022	0.3981	1.14807780161676e-08	145.579186
5_145524709	5_145506100_G_A	145506100	0.1813	0.5094	8.09185689512699e-09	145.5061
5_145524709	5_145519948_C_T	145519948	0.000356	0.00116	6.75697213012088e-09	145.519948
5_145524709	5_145622242_C_T	145622242	0.000688	0.002546	6.2305529035038e-09	145.622242
5_145524709	5_145488381_A_G	145488381	0.0003732	0.001101	6.19691385423358e-09	145.488381
5_145524709	5_145470341_C_T	145470341	0.000307	0.001741	6.14178148396781e-09	145.470341
5_145524709	5_145494389_G_A	145494389	0.007349	0.003478	5.73076384600427e-09	145.494389
5_145524709	5_145479860_G_A	145479860	0.008213	0.002299	5.63423986898567e-09	145.47986
5_145524709	5_145467910_C_T	145467910	0.007543	0.005183	5.5963846504094e-09	145.46791
5_145524709	5_145444750_G_C	145444750	1.402e-05	0.0001191	5.55390337542936e-09	145.44475
5_145524709	5_145434715_T_G	145434715	2.051e-05	4.262e-05	5.48471843132186e-09	145.434715
