edsite	SNP	BP	GWAS_P	EQTL_P	PP_H4	BP_Mb
7_137067938	7_136980031_A_G	136980031	0.3917	0.5563	0.148375610494938	136.980031
7_137067938	7_137045731_C_A	137045731	0.04537	3.877e-06	0.141329083788179	137.045731
7_137067938	7_137064521_A_T	137064521	0.2866	0.8366	0.135225327367904	137.064521
7_137067938	7_137116648_G_A	137116648	0.01081	0.2613	0.131341846449791	137.116648
7_137067938	7_137070298_G_A	137070298	0.00024	5.014e-16	0.0666710434332938	137.070298
7_137067938	7_137122405_C_A	137122405	0.02434	0.2616	0.0517584750809453	137.122405
7_137067938	7_136970513_A_T	136970513	0.8186	0.375	0.0436547658775626	136.970513
7_137067938	7_137145993_G_T	137145993	0.0846	0.7594	0.0353226488135426	137.145993
7_137067938	7_136988804_G_T	136988804	0.09293	0.05678	0.020824177967164	136.988804
7_137067938	7_137155886_T_C	137155886	0.1086	0.5802	0.0131042266164216	137.155886
7_137067938	7_137152383_C_T	137152383	0.1955	0.8216	0.0120956197360268	137.152383
7_137067938	7_137140736_C_T	137140736	0.9355	0.9557	0.0113726917442578	137.140736
7_137067938	7_137129675_T_A	137129675	0.4712	0.09519	0.0106532674016541	137.129675
7_137067938	7_137041561_T_C	137041561	0.05203	5.392e-07	0.0102973104011054	137.041561
7_137067938	7_137011782_G_A	137011782	0.4738	2.239e-05	0.0102136034557828	137.011782
7_137067938	7_137128390_C_T	137128390	0.0204	0.1985	0.0101943937599545	137.12839
7_137067938	7_137053437_T_C	137053437	0.8529	0.3966	0.00995565026627282	137.053437
7_137067938	7_137103157_A_G	137103157	0.006125	0.3745	0.00982212681797113	137.103157
7_137067938	7_136984846_G_A	136984846	0.0001069	0.2577	0.00977901273117535	136.984846
7_137067938	7_136984564_C_G	136984564	0.7972	0.2979	0.00962301661207956	136.984564
7_137067938	7_137108792_T_C	137108792	0.006621	0.317	0.00891494612636678	137.108792
7_137067938	7_137128830_T_C	137128830	0.02084	0.1734	0.00845700944812967	137.12883
7_137067938	7_137032426_C_T	137032426	0.519	0.08607	0.00834482505557903	137.032426
7_137067938	7_137072364_G_A	137072364	0.0003254	4.479e-16	0.00833207047320208	137.072364
7_137067938	7_137098995_C_T	137098995	0.006721	0.2094	0.00805582561924136	137.098995
7_137067938	7_137082039_T_C	137082039	0.000551	4.573e-16	0.00789558795629149	137.082039
7_137067938	7_136969109_A_G	136969109	0.01703	0.2183	0.00770051000962377	136.969109
7_137067938	7_136999883_G_A	136999883	0.4574	0.01915	0.00766005101796142	136.999883
7_137067938	7_137080046_C_T	137080046	0.0003788	4.573e-16	0.00734204662191782	137.080046
7_137067938	7_137131235_T_C	137131235	0.01766	0.1874	0.00676218916089743	137.131235
7_137067938	7_137107129_A_G	137107129	0.006603	0.3391	0.00541397532596747	137.107129
7_137067938	7_137061472_C_T	137061472	0.01277	3.599e-07	0.00480608751351529	137.061472
7_137067938	7_136992947_C_T	136992947	0.002812	0.9164	0.00336014348669675	136.992947
7_137067938	7_137010589_A_C	137010589	0.5344	2.623e-05	0.00186593614464314	137.010589
7_137067938	7_137108560_G_C	137108560	0.7625	0.6002	0.00171569789926332	137.10856
7_137067938	7_137139529_G_A	137139529	0.3817	0.6954	0.00166297810515619	137.139529
7_137067938	7_137083280_A_G	137083280	0.0003285	4.221e-17	0.00164953237684288	137.08328
7_137067938	7_137144462_C_T	137144462	0.5635	0.001415	0.00153941666249384	137.144462
7_137067938	7_137069166_A_T	137069166	0.6791	0.0001483	0.00151658894814757	137.069166
7_137067938	7_137115766_T_C	137115766	0.01107	0.2498	0.000756527445830948	137.115766
7_137067938	7_136972378_G_A	136972378	0.795	0.375	0.00064261967102655	136.972378
7_137067938	7_137042085_G_A	137042085	0.04931	5.314e-07	0.000595934744459223	137.042085
7_137067938	7_136998483_A_T	136998483	0.431	0.08591	0.000413302911513513	136.998483
7_137067938	7_137045691_G_C	137045691	0.04293	0.3742	0.00040573718526091	137.045691
7_137067938	7_136971415_A_G	136971415	0.01574	0.2584	0.000393764332467294	136.971415
7_137067938	7_137109163_C_A	137109163	0.003218	0.8998	0.000316040949337972	137.109163
7_137067938	7_137121556_C_T	137121556	0.02094	0.2804	0.000312569569118684	137.121556
7_137067938	7_137144835_G_A	137144835	0.08571	0.4932	0.000296163881981664	137.144835
7_137067938	7_137021740_A_T	137021740	0.4216	8.646e-05	0.000258390103407683	137.02174
7_137067938	7_137046972_G_A	137046972	0.6625	0.0001862	0.000253282983059592	137.046972
7_137067938	7_136975874_G_T	136975874	0.5657	0.1052	0.000252403798150165	136.975874
7_137067938	7_137089239_G_A	137089239	0.0006911	0.9716	0.000248899323119721	137.089239
7_137067938	7_137079284_G_C	137079284	0.0003486	2.649e-16	0.000245046204720637	137.079284
7_137067938	7_137045186_C_T	137045186	0.05606	6.961e-07	5.96371302650873e-11	137.045186
7_137067938	7_137074132_G_C	137074132	0.7512	0.03754	4.16042783743724e-11	137.074132
7_137067938	7_137108591_A_C	137108591	0.006562	0.2852	4.5285137259855e-12	137.108591
7_137067938	7_137007159_G_A	137007159	0.7264	0.00371	3.68183592311945e-12	137.007159
7_137067938	7_137117502_C_T	137117502	0.008377	0.2816	2.67104655901637e-12	137.117502
7_137067938	7_137082729_T_C	137082729	0.0004868	4.573e-16	9.94237319986594e-13	137.082729
7_137067938	7_136975678_G_A	136975678	0.4959	0.4588	9.93603632970118e-13	136.975678
7_137067938	7_136988541_G_A	136988541	0.8569	0.1204	8.24014109806182e-13	136.988541
7_137067938	7_137081750_A_G	137081750	0.05066	0.09062	8.09190130422169e-13	137.08175
7_137067938	7_137136419_C_T	137136419	0.1317	0.6301	7.98999887007828e-13	137.136419
7_137067938	7_137154049_C_A	137154049	0.1047	0.618	7.78151950810465e-13	137.154049
7_137067938	7_137145352_T_A	137145352	0.07661	0.4932	7.68982548904903e-13	137.145352
7_137067938	7_137165185_T_A	137165185	0.09147	0.4735	7.39617443648486e-13	137.165185
7_137067938	7_137137056_G_C	137137056	0.2806	0.5792	6.55340931165548e-13	137.137056
7_137067938	7_137021176_T_G	137021176	0.8113	0.1049	6.11162278990094e-13	137.021176
7_137067938	7_137164113_G_A	137164113	0.0121	0.6027	5.83992606179611e-13	137.164113
7_137067938	7_137042622_G_A	137042622	0.05619	6.096e-07	5.62583622605758e-13	137.042622
7_137067938	7_137059921_G_A	137059921	0.3672	0.001814	5.58218607912269e-13	137.059921
7_137067938	7_137057629_A_G	137057629	0.3437	0.002171	5.56507567426418e-13	137.057629
7_137067938	7_137167570_T_C	137167570	0.8646	0.6643	5.33249962868732e-13	137.16757
7_137067938	7_137074761_T_C	137074761	0.0003637	1.634e-17	5.2565990547502e-13	137.074761
7_137067938	7_137101849_A_T	137101849	0.2612	0.3178	5.23158307000645e-13	137.101849
7_137067938	7_137058206_T_C	137058206	0.3523	0.002171	5.19556887414336e-13	137.058206
7_137067938	7_137132859_C_T	137132859	0.04396	0.2316	4.99607904471681e-13	137.132859
7_137067938	7_137150382_C_T	137150382	0.09022	0.5991	4.84543471988572e-13	137.150382
7_137067938	7_137150549_C_T	137150549	0.3657	0.448	4.48301218358969e-13	137.150549
7_137067938	7_136980174_A_G	136980174	0.8151	0.3776	4.47556603762004e-13	136.980174
7_137067938	7_137146625_T_A	137146625	0.08023	0.7594	4.00879559681411e-13	137.146625
7_137067938	7_137106947_C_A	137106947	0.005688	0.25	3.76711120113205e-13	137.106947
7_137067938	7_137016788_A_G	137016788	0.3873	0.1952	3.75910247877845e-13	137.016788
7_137067938	7_137072531_T_A	137072531	0.0002681	4.479e-16	3.45697574590664e-13	137.072531
7_137067938	7_137129833_A_G	137129833	0.02258	0.2002	2.08236496988499e-13	137.129833
7_137067938	7_137157690_C_T	137157690	0.1566	0.205	1.53484004049535e-13	137.15769
7_137067938	7_136978885_T_A	136978885	9.426e-05	0.2577	7.30891133964249e-14	136.978885
7_137067938	7_137142586_A_G	137142586	0.08256	0.4932	5.41148234779322e-14	137.142586
7_137067938	7_137013466_G_A	137013466	0.4603	1.784e-05	3.25423976302629e-14	137.013466
7_137067938	7_137027042_C_A	137027042	0.2929	0.002183	1.56452793462668e-14	137.027042
7_137067938	7_137039328_C_T	137039328	0.0967	2.606e-05	1.26594509564457e-14	137.039328
7_137067938	7_137116573_G_T	137116573	0.01648	0.1134	1.0243619338265e-14	137.116573
7_137067938	7_136973027_T_C	136973027	0.0001357	0.1871	1.00155775104745e-14	136.973027
7_137067938	7_136989304_G_A	136989304	0.1943	0.0155	9.95418708193993e-15	136.989304
7_137067938	7_137160466_T_C	137160466	0.8332	0.5065	8.97319215121525e-15	137.160466
7_137067938	7_137132593_C_G	137132593	0.3073	0.4303	8.26703274054903e-15	137.132593
7_137067938	7_137080712_G_A	137080712	0.3568	3.747e-05	7.50854732572229e-15	137.080712
7_137067938	7_137162926_T_A	137162926	0.8149	0.5556	7.32829639667345e-15	137.162926
7_137067938	7_136988572_C_T	136988572	0.339	0.0423	7.22889665301904e-15	136.988572
7_137067938	7_137015838_T_G	137015838	0.4135	3.045e-05	7.04545594105245e-15	137.015838
7_137067938	7_137059710_C_T	137059710	0.001168	7.864e-16	5.91691118119603e-15	137.05971
7_137067938	7_136971908_C_T	136971908	0.9748	0.2454	5.42349309604214e-15	136.971908
7_137067938	7_137053658_A_G	137053658	0.8133	9.829e-07	4.97182250447912e-15	137.053658
7_137067938	7_137128086_A_C	137128086	0.009674	0.2177	4.93568911460331e-15	137.128086
7_137067938	7_137078040_T_C	137078040	0.0002989	3.75e-16	4.93355002699429e-15	137.07804
7_137067938	7_137118980_T_C	137118980	0.009582	0.2816	4.89074705084206e-15	137.11898
7_137067938	7_137059860_T_C	137059860	0.001149	7.864e-16	4.83824312633907e-15	137.05986
7_137067938	7_137071327_T_G	137071327	0.0002796	3.97e-16	4.79932135034753e-15	137.071327
7_137067938	7_136988448_T_C	136988448	0.9768	0.375	4.74408189904324e-15	136.988448
7_137067938	7_137106879_G_C	137106879	0.006767	0.3232	4.03752837653524e-15	137.106879
7_137067938	7_137059287_C_T	137059287	0.3999	0.002497	3.77690737306582e-15	137.059287
7_137067938	7_137103539_G_A	137103539	0.007683	0.3984	3.56692593225514e-15	137.103539
7_137067938	7_137004444_G_A	137004444	0.7503	0.003462	3.5384972253832e-15	137.004444
7_137067938	7_137080244_T_G	137080244	0.2315	0.002931	2.34248273106923e-15	137.080244
7_137067938	7_137103538_C_T	137103538	0.007916	0.3929	1.96262968276913e-15	137.103538
7_137067938	7_137007920_A_G	137007920	0.4684	0.05431	1.95587562013565e-15	137.00792
7_137067938	7_137021661_T_A	137021661	0.4191	8.646e-05	1.95106387699419e-15	137.021661
7_137067938	7_137131947_C_A	137131947	0.3441	0.2416	1.94497700209597e-15	137.131947
7_137067938	7_137087734_G_A	137087734	0.003872	0.871	1.90087579066031e-15	137.087734
7_137067938	7_137086750_G_A	137086750	0.9564	0.3966	1.78232094037231e-15	137.08675
7_137067938	7_137023509_G_A	137023509	0.4234	8.646e-05	1.77417417274382e-15	137.023509
7_137067938	7_137151732_T_C	137151732	0.08019	0.601	1.76034775698547e-15	137.151732
7_137067938	7_137018329_T_A	137018329	0.7731	0.09462	1.7197393510675e-15	137.018329
7_137067938	7_137115392_T_C	137115392	0.612	0.8827	1.62926416310352e-15	137.115392
7_137067938	7_137108881_T_C	137108881	0.007966	0.2551	1.56379362310062e-15	137.108881
7_137067938	7_137026136_T_A	137026136	0.3624	0.0001069	1.43557878068045e-15	137.026136
7_137067938	7_137048159_T_C	137048159	0.001585	4.326e-15	1.39120693305762e-15	137.048159
7_137067938	7_137020726_C_T	137020726	0.01605	0.3246	1.33479642607669e-15	137.020726
7_137067938	7_137124915_T_C	137124915	0.0112	0.295	1.33228548723128e-15	137.124915
7_137067938	7_137125201_C_T	137125201	0.02539	0.1687	1.28946817438402e-15	137.125201
7_137067938	7_137062785_C_A	137062785	0.00105	7.864e-16	1.23933678228635e-15	137.062785
7_137067938	7_137102557_G_A	137102557	0.003183	0.8998	1.10653114400425e-15	137.102557
7_137067938	7_137067616_T_G	137067616	0.0009289	2.219e-17	1.06218664918366e-15	137.067616
7_137067938	7_137025020_T_C	137025020	0.4281	0.0001335	1.00413396732567e-15	137.02502
7_137067938	7_137048213_G_A	137048213	0.04107	1.537e-06	9.1270108055908e-16	137.048213
7_137067938	7_137003949_T_C	137003949	0.39	0.06435	8.86791717311231e-16	137.003949
7_137067938	7_136985504_C_T	136985504	0.3902	0.214	8.4681068910604e-16	136.985504
7_137067938	7_137074760_A_G	137074760	0.000345	1.634e-17	7.96019971328498e-16	137.07476
7_137067938	7_137140498_G_A	137140498	0.5136	0.4132	7.59617668201469e-16	137.140498
7_137067938	7_137030539_A_G	137030539	0.8531	0.3095	7.30226389766157e-16	137.030539
7_137067938	7_137145138_C_A	137145138	0.09368	0.7863	6.82592985812124e-16	137.145138
7_137067938	7_137005911_T_C	137005911	0.4018	0.05431	6.51012581790193e-16	137.005911
7_137067938	7_137140222_G_A	137140222	0.8172	0.1856	5.87696984000629e-16	137.140222
7_137067938	7_137070066_T_A	137070066	0.2978	0.0003497	5.41238470597341e-16	137.070066
7_137067938	7_136997283_T_C	136997283	0.8979	8.685e-05	5.40183927943581e-16	136.997283
7_137067938	7_137147988_G_A	137147988	0.801	0.08699	5.24362488589203e-16	137.147988
7_137067938	7_137059489_T_C	137059489	0.3834	0.002497	4.88615792470651e-16	137.059489
7_137067938	7_137142811_T_C	137142811	0.9186	0.604	4.59901789154929e-16	137.142811
7_137067938	7_136972986_A_G	136972986	0.8146	0.091	4.22287562747136e-16	136.972986
7_137067938	7_137109203_T_C	137109203	0.00778	0.317	3.9459023424117e-16	137.109203
7_137067938	7_137160933_C_T	137160933	0.8032	0.5065	3.87336353439538e-16	137.160933
7_137067938	7_136981223_G_A	136981223	0.5402	0.02984	3.74699428338346e-16	136.981223
7_137067938	7_137162388_G_T	137162388	0.7754	0.5556	3.70941008086214e-16	137.162388
7_137067938	7_137128207_T_C	137128207	0.01976	0.1734	3.70611436285e-16	137.128207
7_137067938	7_137105633_T_C	137105633	0.006571	0.3232	3.44116617259718e-16	137.105633
7_137067938	7_137116963_C_T	137116963	0.01016	0.3041	3.07355001367368e-16	137.116963
7_137067938	7_137072096_T_C	137072096	0.0003287	3.97e-16	3.04496881119288e-16	137.072096
7_137067938	7_137069055_A_G	137069055	0.003903	9.35e-07	2.98243400305841e-16	137.069055
7_137067938	7_137045777_T_A	137045777	0.05867	6.961e-07	2.45847002013148e-16	137.045777
7_137067938	7_137074844_T_C	137074844	0.0003302	1.896e-17	2.44791257921351e-16	137.074844
7_137067938	7_136990721_C_T	136990721	0.9204	0.2296	2.41782003555228e-16	136.990721
7_137067938	7_137068835_G_A	137068835	0.0008563	4.223e-16	2.3658596739678e-16	137.068835
7_137067938	7_136993184_G_A	136993184	0.7679	5.172e-05	2.33585596710384e-16	136.993184
7_137067938	7_137053273_A_C	137053273	0.001052	5.026e-15	2.13426504449027e-16	137.053273
7_137067938	7_137026637_A_C	137026637	0.3453	0.0001123	2.09592046117588e-16	137.026637
7_137067938	7_137029838_T_C	137029838	0.3276	0.0004608	2.01939847432552e-16	137.029838
7_137067938	7_137139930_C_A	137139930	0.4346	0.1822	1.90249525422276e-16	137.13993
7_137067938	7_137020675_T_C	137020675	0.1885	2.255e-07	1.82454396597741e-16	137.020675
7_137067938	7_137076803_G_A	137076803	0.8447	0.1692	1.79673146948145e-16	137.076803
7_137067938	7_137095230_G_T	137095230	0.003975	0.3318	1.78548453411217e-16	137.09523
7_137067938	7_137121760_T_C	137121760	0.01975	0.2804	1.74353160607708e-16	137.12176
7_137067938	7_137064062_A_G	137064062	0.001461	5.457e-16	1.73445126944876e-16	137.064062
7_137067938	7_136969917_A_G	136969917	0.8269	0.2762	1.71217647264858e-16	136.969917
7_137067938	7_137049477_G_A	137049477	0.001621	4.326e-15	1.71107360839664e-16	137.049477
7_137067938	7_137032473_G_A	137032473	0.362	0.5962	1.65085833149669e-16	137.032473
7_137067938	7_137129484_A_G	137129484	0.008042	0.2067	1.58098015237905e-16	137.129484
7_137067938	7_136969496_C_T	136969496	0.9047	0.004885	1.56008867140665e-16	136.969496
7_137067938	7_137066364_G_A	137066364	0.0009074	2.994e-17	1.55954255991468e-16	137.066364
7_137067938	7_137116285_C_T	137116285	0.00855	0.2816	1.53564164466354e-16	137.116285
7_137067938	7_137079949_A_C	137079949	0.000332	4.573e-16	1.52794207754977e-16	137.079949
7_137067938	7_137077103_A_C	137077103	0.0003387	2.228e-15	1.49021816681717e-16	137.077103
7_137067938	7_137120448_T_C	137120448	0.01049	0.2961	1.28420443081294e-16	137.120448
7_137067938	7_137158693_T_G	137158693	0.8116	0.6026	1.27795569667813e-16	137.158693
7_137067938	7_137058809_C_T	137058809	0.3817	0.002171	1.23447389619461e-16	137.058809
7_137067938	7_137151933_C_A	137151933	0.07928	0.601	1.23257172240938e-16	137.151933
7_137067938	7_137071390_C_T	137071390	0.0002695	3.97e-16	1.23030029507162e-16	137.07139
7_137067938	7_137053814_G_A	137053814	0.4325	0.1888	1.22937701614687e-16	137.053814
7_137067938	7_137128495_A_T	137128495	0.01783	0.1985	1.21450867509023e-16	137.128495
7_137067938	7_137120206_C_T	137120206	0.009266	0.2816	1.14880753857922e-16	137.120206
7_137067938	7_137145586_C_T	137145586	0.0522	0.7404	1.07093070996032e-16	137.145586
7_137067938	7_137071339_C_T	137071339	0.0002511	3.97e-16	1.04845479694571e-16	137.071339
7_137067938	7_137041669_T_G	137041669	0.05183	4.104e-07	1.01977528956662e-16	137.041669
7_137067938	7_137047645_C_G	137047645	0.157	0.001729	1.01043878600289e-16	137.047645
7_137067938	7_137044709_G_C	137044709	0.06467	6.961e-07	1.00914961860322e-16	137.044709
7_137067938	7_137043484_A_C	137043484	0.04523	8.99e-07	9.8017549289765e-17	137.043484
7_137067938	7_137038733_C_T	137038733	0.2656	0.2867	9.72638030142153e-17	137.038733
7_137067938	7_137147828_C_A	137147828	0.08875	0.7117	9.41318725371488e-17	137.147828
7_137067938	7_136972966_G_T	136972966	0.01633	0.2183	8.8986843958337e-17	136.972966
7_137067938	7_136998548_C_G	136998548	0.4332	0.1083	8.85001487014738e-17	136.998548
7_137067938	7_137109305_C_G	137109305	0.006836	0.317	8.67991191166251e-17	137.109305
7_137067938	7_137122009_C_T	137122009	0.5538	0.2578	8.65117973913268e-17	137.122009
7_137067938	7_137103534_A_G	137103534	0.008132	0.3929	8.44507914602018e-17	137.103534
7_137067938	7_137150937_A_G	137150937	0.08401	0.53	8.4092005763806e-17	137.150937
7_137067938	7_137051371_T_A	137051371	0.001216	2.144e-15	8.19938865208676e-17	137.051371
7_137067938	7_137075814_C_T	137075814	0.01422	0.03896	8.08766630487056e-17	137.075814
7_137067938	7_137089307_C_T	137089307	0.015	0.008943	7.97026179298543e-17	137.089307
7_137067938	7_137127689_T_C	137127689	0.02063	0.1734	7.90660263432662e-17	137.127689
7_137067938	7_136984631_C_T	136984631	0.4126	0.02933	7.85844257837448e-17	136.984631
7_137067938	7_137102686_C_A	137102686	0.005926	0.3577	7.82081297390955e-17	137.102686
7_137067938	7_137117399_T_A	137117399	0.008856	0.2816	7.71361881978277e-17	137.117399
7_137067938	7_137121951_G_A	137121951	0.02015	0.2804	7.64446266651816e-17	137.121951
7_137067938	7_137140536_G_A	137140536	0.5185	0.4165	7.64283637485575e-17	137.140536
7_137067938	7_137143505_C_T	137143505	0.07048	0.4932	7.63902639799069e-17	137.143505
7_137067938	7_137037689_T_C	137037689	0.3094	0.0002612	7.62914103568066e-17	137.037689
7_137067938	7_137092781_T_C	137092781	0.1669	0.0006873	7.6197068280206e-17	137.092781
7_137067938	7_137128472_C_T	137128472	0.01807	0.1985	7.56944807359241e-17	137.128472
7_137067938	7_137089537_C_T	137089537	0.1675	0.0005728	7.49227744711603e-17	137.089537
7_137067938	7_137059640_G_A	137059640	0.0001331	0.5552	7.44747481259378e-17	137.05964
7_137067938	7_137151096_G_A	137151096	0.0873	0.53	7.34814990556825e-17	137.151096
7_137067938	7_137152344_G_A	137152344	0.08931	0.7594	7.32035898597766e-17	137.152344
7_137067938	7_137132449_T_G	137132449	0.04767	0.2777	7.13850235512488e-17	137.132449
7_137067938	7_137045385_G_A	137045385	0.06369	8.344e-07	6.99239687332134e-17	137.045385
7_137067938	7_137032717_T_C	137032717	0.2669	2.68e-06	6.94357338150446e-17	137.032717
7_137067938	7_137061027_A_T	137061027	0.3375	0.002387	6.91762708739584e-17	137.061027
7_137067938	7_137070207_C_T	137070207	0.0002804	5.014e-16	6.87095688457813e-17	137.070207
7_137067938	7_137128529_T_C	137128529	0.01539	0.2334	6.84291370450536e-17	137.128529
7_137067938	7_137085250_A_G	137085250	0.0004179	4.221e-17	6.81306961616196e-17	137.08525
7_137067938	7_137105422_T_C	137105422	0.008329	0.2551	6.74824068306293e-17	137.105422
7_137067938	7_137045382_C_G	137045382	0.06382	8.344e-07	6.67944011431343e-17	137.045382
7_137067938	7_136971270_C_T	136971270	0.8641	0.004885	6.62998980331425e-17	136.97127
7_137067938	7_136977203_A_G	136977203	9.356e-05	0.2577	6.59802339259302e-17	136.977203
7_137067938	7_137055525_A_G	137055525	0.03049	0.003575	6.58232766078907e-17	137.055525
7_137067938	7_137032174_T_C	137032174	0.5423	0.0418	6.57163109445268e-17	137.032174
7_137067938	7_137041777_A_C	137041777	0.05109	5.323e-07	6.56818570663223e-17	137.041777
7_137067938	7_137059416_A_G	137059416	0.3706	0.002497	6.54237882796093e-17	137.059416
7_137067938	7_136979849_C_T	136979849	0.7585	0.004187	6.50460452432277e-17	136.979849
7_137067938	7_137059107_A_C	137059107	0.37	0.002171	6.39555601669251e-17	137.059107
7_137067938	7_137052616_G_C	137052616	0.0007899	5.142e-15	6.28688535056568e-17	137.052616
7_137067938	7_137093743_G_C	137093743	0.001285	2.163e-07	6.15133874587168e-17	137.093743
7_137067938	7_137074643_T_C	137074643	0.09178	0.03364	6.13019652285526e-17	137.074643
7_137067938	7_137132091_A_C	137132091	0.688	0.6002	6.10057462067982e-17	137.132091
7_137067938	7_137017209_T_C	137017209	0.007004	0.7542	6.09825609637529e-17	137.017209
7_137067938	7_137078142_T_C	137078142	0.0003073	3.75e-16	6.05815134839381e-17	137.078142
7_137067938	7_137143465_A_G	137143465	0.08258	0.4932	6.04888502471573e-17	137.143465
7_137067938	7_137069449_T_C	137069449	0.007065	0.5852	5.98210073445775e-17	137.069449
7_137067938	7_136978529_T_C	136978529	0.8028	0.003136	5.9628500374288e-17	136.978529
7_137067938	7_137151200_T_C	137151200	0.6879	0.8827	5.93652344657283e-17	137.1512
7_137067938	7_136982470_C_T	136982470	0.843	0.375	5.9116509574497e-17	136.98247
7_137067938	7_137073259_C_T	137073259	0.0002934	3.97e-16	5.8617839585831e-17	137.073259
7_137067938	7_137061321_A_G	137061321	0.6425	0.001007	5.81049066687011e-17	137.061321
7_137067938	7_137107558_G_C	137107558	0.2288	0.4226	5.79731561572541e-17	137.107558
7_137067938	7_137038092_T_C	137038092	0.2969	0.0005152	5.79711410077551e-17	137.038092
7_137067938	7_136988001_C_T	136988001	0.0001434	0.2577	5.7663825313873e-17	136.988001
7_137067938	7_137116989_G_A	137116989	0.009634	0.3041	5.54824021111704e-17	137.116989
7_137067938	7_136982746_G_A	136982746	0.8387	0.375	5.53224087846642e-17	136.982746
7_137067938	7_136985921_A_G	136985921	0.8929	0.1697	5.46095779198384e-17	136.985921
7_137067938	7_136994013_A_G	136994013	0.4143	0.09788	5.45259290031386e-17	136.994013
7_137067938	7_136976382_G_T	136976382	8.092e-05	0.1871	5.35084433986907e-17	136.976382
7_137067938	7_137119803_G_C	137119803	0.009938	0.2816	5.32119671671823e-17	137.119803
7_137067938	7_137074540_G_A	137074540	0.0003429	4.092e-16	5.3093848221952e-17	137.07454
7_137067938	7_137103111_C_T	137103111	0.005502	0.3745	5.17737753205116e-17	137.103111
7_137067938	7_137044765_A_T	137044765	0.001618	0.6555	5.15752624040016e-17	137.044765
7_137067938	7_137037202_A_G	137037202	0.3085	0.0007138	5.0754011009589e-17	137.037202
7_137067938	7_137080711_T_C	137080711	0.1602	0.3687	5.03962362343455e-17	137.080711
7_137067938	7_136989606_G_A	136989606	0.9452	1.338e-05	5.03866443012886e-17	136.989606
7_137067938	7_137103166_G_T	137103166	0.007038	0.3577	4.68901697626919e-17	137.103166
7_137067938	7_137079172_T_C	137079172	0.0003197	2.649e-16	4.64625251205521e-17	137.079172
7_137067938	7_137116476_A_G	137116476	0.00865	0.2816	4.56247222134461e-17	137.116476
7_137067938	7_137076712_A_G	137076712	0.0003949	1.262e-16	4.5592937574555e-17	137.076712
7_137067938	7_137131433_T_C	137131433	0.1741	0.5246	4.50697285093688e-17	137.131433
7_137067938	7_137149840_T_C	137149840	0.08319	0.7766	4.39652968870917e-17	137.14984
7_137067938	7_137120111_A_G	137120111	0.009794	0.2816	4.35899045592291e-17	137.120111
7_137067938	7_136968621_T_C	136968621	0.8464	0.02034	4.09055567510077e-17	136.968621
7_137067938	7_137104309_T_C	137104309	0.006452	0.3577	4.05482285435484e-17	137.104309
7_137067938	7_137048428_G_A	137048428	0.3124	0.3834	4.01151975154316e-17	137.048428
7_137067938	7_137043324_A_T	137043324	0.0463	6.096e-07	3.92254635506827e-17	137.043324
7_137067938	7_137043868_G_C	137043868	0.05923	6.961e-07	3.80929360205917e-17	137.043868
7_137067938	7_137001889_T_A	137001889	0.4847	0.02604	3.79073628826579e-17	137.001889
7_137067938	7_137130697_T_C	137130697	0.04482	0.1562	3.78647049121123e-17	137.130697
7_137067938	7_137119101_A_G	137119101	0.00983	0.2816	3.74125038766996e-17	137.119101
7_137067938	7_137116928_G_A	137116928	0.008507	0.0264	3.68684916265812e-17	137.116928
7_137067938	7_137093065_G_T	137093065	0.2087	0.2128	3.68186038217428e-17	137.093065
7_137067938	7_137052399_G_A	137052399	0.001105	5.142e-15	3.62499612880978e-17	137.052399
7_137067938	7_137053704_T_C	137053704	0.01841	3.105e-06	3.605712739825e-17	137.053704
7_137067938	7_137043312_C_T	137043312	0.04355	6.096e-07	3.46411080256592e-17	137.043312
7_137067938	7_136985342_G_A	136985342	0.3926	0.2322	3.33609475107401e-17	136.985342
7_137067938	7_137017876_T_C	137017876	0.4115	0.0001491	3.27904491292098e-17	137.017876
7_137067938	7_137103423_A_G	137103423	0.00719	0.2635	3.1728554026151e-17	137.103423
7_137067938	7_137050649_T_A	137050649	0.4217	0.8543	3.15333175651648e-17	137.050649
7_137067938	7_137050827_C_T	137050827	0.001529	4.326e-15	3.15290252276967e-17	137.050827
7_137067938	7_136975595_A_T	136975595	0.6585	0.01884	3.02362014132586e-17	136.975595
7_137067938	7_137068963_C_T	137068963	0.6572	0.0001586	2.98143079896833e-17	137.068963
7_137067938	7_137090425_C_T	137090425	0.03157	0.3879	2.95984394373512e-17	137.090425
7_137067938	7_137040948_A_G	137040948	0.05176	9.266e-07	2.91182322583243e-17	137.040948
7_137067938	7_136994998_G_A	136994998	0.7415	0.00335	2.89992148826559e-17	136.994998
7_137067938	7_137097262_C_T	137097262	0.004612	0.3644	2.84055119226353e-17	137.097262
7_137067938	7_137141210_T_C	137141210	0.3205	0.718	2.83718280451764e-17	137.14121
7_137067938	7_137071264_G_A	137071264	0.000276	5.014e-16	2.83666764454311e-17	137.071264
7_137067938	7_137126094_G_A	137126094	0.02094	0.2017	2.80041576090323e-17	137.126094
7_137067938	7_137062423_T_A	137062423	0.3625	0.00147	2.7835703048653e-17	137.062423
7_137067938	7_136972003_A_C	136972003	0.01708	0.2183	2.76950452672439e-17	136.972003
7_137067938	7_137149947_A_T	137149947	0.07709	0.7117	2.72410737691529e-17	137.149947
7_137067938	7_137156054_C_T	137156054	0.1611	0.205	2.71228407239578e-17	137.156054
7_137067938	7_136979249_C_T	136979249	0.5716	0.02242	2.70379457875241e-17	136.979249
7_137067938	7_137129694_C_T	137129694	0.02192	0.2002	2.68065373936876e-17	137.129694
7_137067938	7_137009221_A_G	137009221	0.5157	0.01821	2.65410582550861e-17	137.009221
7_137067938	7_137116090_T_A	137116090	0.9472	0.2177	2.64903135400905e-17	137.11609
7_137067938	7_137056677_G_A	137056677	0.8114	0.4511	2.64223851388324e-17	137.056677
7_137067938	7_137017202_G_A	137017202	0.4074	3.045e-05	2.6198791167298e-17	137.017202
7_137067938	7_136990665_A_G	136990665	0.661	1e-04	2.57872489916644e-17	136.990665
7_137067938	7_137164074_C_T	137164074	0.7903	0.5556	2.5708214762267e-17	137.164074
7_137067938	7_137057445_G_T	137057445	0.3559	0.002171	2.57042974769486e-17	137.057445
7_137067938	7_137047137_A_C	137047137	0.001474	1.343e-15	2.55748522541094e-17	137.047137
7_137067938	7_137052670_G_A	137052670	0.001044	5.142e-15	2.53255153597781e-17	137.05267
7_137067938	7_136990648_C_T	136990648	0.4235	0.4391	2.51839348989613e-17	136.990648
7_137067938	7_137078190_G_C	137078190	0.0002996	3.75e-16	2.48985761833686e-17	137.07819
7_137067938	7_137158472_A_T	137158472	0.1546	0.205	2.4766864131792e-17	137.158472
7_137067938	7_137131592_G_C	137131592	0.04277	0.1953	2.47044519545996e-17	137.131592
7_137067938	7_137146452_A_G	137146452	0.08509	0.7594	2.45029254002653e-17	137.146452
7_137067938	7_137046434_G_T	137046434	0.06375	6.961e-07	2.42314251864496e-17	137.046434
7_137067938	7_137066363_T_C	137066363	0.5904	9.234e-05	2.42195604374092e-17	137.066363
7_137067938	7_137158816_A_G	137158816	0.393	0.8216	2.42134917113258e-17	137.158816
7_137067938	7_137149771_A_G	137149771	0.08449	0.7766	2.42080616829391e-17	137.149771
7_137067938	7_137152148_T_A	137152148	0.07748	0.601	2.41636588273273e-17	137.152148
7_137067938	7_137071144_T_C	137071144	0.0002981	5.014e-16	2.39900084780035e-17	137.071144
7_137067938	7_137016791_G_A	137016791	0.4007	1.901e-05	2.37704394931995e-17	137.016791
7_137067938	7_137061330_C_G	137061330	0.6691	0.0009719	2.37637193992645e-17	137.06133
7_137067938	7_137004109_T_C	137004109	0.9152	7.488e-05	2.37251261067749e-17	137.004109
7_137067938	7_137144711_G_A	137144711	0.08469	0.4932	2.34927899487987e-17	137.144711
7_137067938	7_137097680_T_A	137097680	0.5631	0.6733	2.3315272843495e-17	137.09768
7_137067938	7_137148067_G_C	137148067	0.08024	0.7594	2.31643005198618e-17	137.148067
7_137067938	7_137147613_C_G	137147613	0.08661	0.7117	2.29533946713226e-17	137.147613
7_137067938	7_137030928_T_A	137030928	0.03435	0.2101	2.2868750678905e-17	137.030928
7_137067938	7_137146685_T_C	137146685	0.08372	0.7594	2.24965728746897e-17	137.146685
7_137067938	7_137095607_A_T	137095607	0.004078	0.3674	2.22639648858772e-17	137.095607
7_137067938	7_137108526_C_G	137108526	0.006386	0.2852	2.1411634456707e-17	137.108526
7_137067938	7_137076903_G_T	137076903	0.0003937	2.156e-15	2.13552626757501e-17	137.076903
7_137067938	7_137150695_T_C	137150695	0.07953	0.6367	2.12931397700229e-17	137.150695
7_137067938	7_137003404_T_C	137003404	0.3868	0.06435	2.12541479492723e-17	137.003404
7_137067938	7_137129977_G_C	137129977	0.006584	0.9592	2.12317994729797e-17	137.129977
7_137067938	7_136984716_C_T	136984716	0.1557	0.2131	2.1211994868415e-17	136.984716
7_137067938	7_137136618_T_A	137136618	0.6432	0.8827	2.11581923799475e-17	137.136618
7_137067938	7_137123233_A_G	137123233	0.7088	0.8827	2.10475649322522e-17	137.123233
7_137067938	7_137119433_A_G	137119433	0.01107	0.2865	2.10384854134466e-17	137.119433
7_137067938	7_137051175_C_T	137051175	0.001569	4.326e-15	2.09937961427914e-17	137.051175
7_137067938	7_136984520_G_A	136984520	0.0001046	0.1871	2.05343219249675e-17	136.98452
7_137067938	7_137094378_C_T	137094378	0.02308	0.07678	2.01874737308014e-17	137.094378
7_137067938	7_137021485_G_A	137021485	0.4257	8.646e-05	2.01362136329664e-17	137.021485
7_137067938	7_137154943_G_C	137154943	0.8246	0.6178	1.98021508199679e-17	137.154943
7_137067938	7_137104553_T_C	137104553	0.005433	0.2733	1.94210477950189e-17	137.104553
7_137067938	7_136996938_T_A	136996938	0.06974	0.844	1.91575152237526e-17	136.996938
7_137067938	7_137145089_C_A	137145089	0.1197	0.4932	1.87329017481501e-17	137.145089
7_137067938	7_137025827_G_C	137025827	0.3651	0.0001069	1.85672430106454e-17	137.025827
7_137067938	7_137141244_T_C	137141244	0.7592	0.9214	1.85191475539437e-17	137.141244
7_137067938	7_137026836_T_C	137026836	0.01079	0.7157	1.85007619165499e-17	137.026836
7_137067938	7_136995962_G_T	136995962	0.8621	9.995e-05	1.84117422087232e-17	136.995962
7_137067938	7_137016311_A_C	137016311	0.4231	4.352e-05	1.83608572501379e-17	137.016311
7_137067938	7_137115601_A_G	137115601	0.08557	0.574	1.78383619942786e-17	137.115601
7_137067938	7_137138736_C_G	137138736	0.5515	0.05316	1.70571079578918e-17	137.138736
7_137067938	7_137042768_A_G	137042768	0.07236	6.096e-07	1.63638312157939e-17	137.042768
7_137067938	7_137154001_G_A	137154001	0.8109	0.5476	1.59155599787201e-17	137.154001
7_137067938	7_136971101_C_T	136971101	0.7571	0.003379	1.58638545854151e-17	136.971101
7_137067938	7_137081979_C_T	137081979	0.9493	0.3059	1.56964475488288e-17	137.081979
7_137067938	7_137072931_A_C	137072931	0.0003853	3.97e-16	1.56195651674305e-17	137.072931
7_137067938	7_137105031_G_A	137105031	0.5987	0.8827	1.55782783165412e-17	137.105031
7_137067938	7_137118183_T_C	137118183	0.0107	0.2896	1.55375607696636e-17	137.118183
7_137067938	7_136974976_T_C	136974976	0.8074	0.003189	1.54351897360605e-17	136.974976
7_137067938	7_137015603_A_T	137015603	0.4269	3.045e-05	1.50220283016302e-17	137.015603
7_137067938	7_137042224_A_C	137042224	0.002071	1.981e-15	1.49028259583393e-17	137.042224
7_137067938	7_136995126_C_G	136995126	0.881	0.0001319	1.45228233066702e-17	136.995126
7_137067938	7_137131588_A_G	137131588	0.3453	0.4024	1.44053058891613e-17	137.131588
7_137067938	7_137044785_A_C	137044785	0.1181	0.001729	1.43588859180091e-17	137.044785
7_137067938	7_137030345_C_T	137030345	0.2793	4.623e-06	1.42839368051577e-17	137.030345
7_137067938	7_137133962_C_T	137133962	0.6297	0.8827	1.42703383548739e-17	137.133962
7_137067938	7_137090469_T_C	137090469	0.0009188	2.055e-07	1.40353452118516e-17	137.090469
7_137067938	7_137105598_C_T	137105598	0.2122	0.0006773	1.3806941767872e-17	137.105598
7_137067938	7_136989441_A_G	136989441	0.7081	0.1802	1.37931401656329e-17	136.989441
7_137067938	7_137006969_C_A	137006969	0.7313	0.004507	1.3574621421523e-17	137.006969
7_137067938	7_137047182_C_G	137047182	0.001765	1.343e-15	1.35699579100332e-17	137.047182
7_137067938	7_137102787_G_A	137102787	0.006079	0.3577	1.32055670606355e-17	137.102787
7_137067938	7_137142622_G_A	137142622	0.7094	0.8468	1.31922779777288e-17	137.142622
7_137067938	7_137075847_T_A	137075847	0.007346	8.335e-06	1.31867204005159e-17	137.075847
7_137067938	7_137135468_C_T	137135468	0.749	0.2527	1.28124667723291e-17	137.135468
7_137067938	7_137147381_C_T	137147381	0.08083	0.7594	1.27674330948947e-17	137.147381
7_137067938	7_136968812_G_C	136968812	0.002877	0.1332	1.24518955486259e-17	136.968812
7_137067938	7_137081525_A_G	137081525	0.007909	8.532e-06	1.2426538427698e-17	137.081525
7_137067938	7_137061524_G_C	137061524	0.6792	0.001007	1.23492163859247e-17	137.061524
7_137067938	7_137053934_C_T	137053934	0.04191	2.95e-06	1.23438725895471e-17	137.053934
7_137067938	7_137049517_C_T	137049517	0.001563	4.326e-15	1.20181877732393e-17	137.049517
7_137067938	7_137163676_C_T	137163676	0.06362	0.7903	1.19640939886419e-17	137.163676
7_137067938	7_137018456_C_G	137018456	0.4268	0.0001111	1.18865521471259e-17	137.018456
7_137067938	7_136984858_G_C	136984858	0.8116	0.3884	1.18026528082984e-17	136.984858
7_137067938	7_136993461_C_T	136993461	0.3667	0.05452	1.17619704013147e-17	136.993461
7_137067938	7_137118726_A_G	137118726	0.009488	0.2816	1.16729480006905e-17	137.118726
7_137067938	7_137009801_A_G	137009801	0.4514	0.7512	1.15033090385952e-17	137.009801
7_137067938	7_137037140_A_G	137037140	0.3094	0.0003666	1.1499934400099e-17	137.03714
7_137067938	7_137128574_A_G	137128574	0.2295	0.4441	1.13064482542891e-17	137.128574
7_137067938	7_137016931_A_C	137016931	0.4071	3.045e-05	1.09639228835191e-17	137.016931
7_137067938	7_137130197_C_T	137130197	0.05201	0.08113	1.09051588473216e-17	137.130197
7_137067938	7_137143980_G_A	137143980	0.08384	0.4932	1.08340979112435e-17	137.14398
7_137067938	7_137043253_G_C	137043253	0.07196	6.261e-07	1.08138179183318e-17	137.043253
7_137067938	7_137044532_C_T	137044532	0.06786	6.961e-07	1.07627867219646e-17	137.044532
7_137067938	7_137072151_A_G	137072151	0.0003609	4.479e-16	1.07096929470288e-17	137.072151
7_137067938	7_137059063_G_A	137059063	0.3732	0.002171	1.0699221185584e-17	137.059063
7_137067938	7_137100832_A_G	137100832	0.005887	0.2653	1.03360918124983e-17	137.100832
7_137067938	7_137158740_G_C	137158740	0.8092	0.5274	1.02867720118089e-17	137.15874
7_137067938	7_137160446_A_G	137160446	0.1036	0.4735	1.02784691444117e-17	137.160446
7_137067938	7_137130450_A_C	137130450	0.02395	0.2219	1.00379533518922e-17	137.13045
7_137067938	7_137040466_A_G	137040466	0.0445	6.614e-07	9.98251192197951e-18	137.040466
7_137067938	7_137143968_G_A	137143968	0.5299	0.3575	9.8027720506547e-18	137.143968
7_137067938	7_137165940_C_T	137165940	0.8125	0.6222	9.6822000504187e-18	137.16594
7_137067938	7_137090935_T_C	137090935	0.1971	0.0008525	8.64306828996967e-18	137.090935
7_137067938	7_137094379_A_G	137094379	0.01317	0.1408	7.98343455537493e-18	137.094379
7_137067938	7_136974184_G_A	136974184	0.8079	0.003465	7.95763039034391e-18	136.974184
7_137067938	7_137041500_G_C	137041500	0.8912	0.01996	7.35863578867061e-18	137.0415
7_137067938	7_137062363_C_T	137062363	0.01383	4.783e-07	7.01533810526098e-18	137.062363
7_137067938	7_137109519_A_G	137109519	0.006846	0.317	6.61026663989996e-18	137.109519
7_137067938	7_137143406_T_C	137143406	0.08401	0.4932	6.07271856283622e-18	137.143406
7_137067938	7_136977138_A_G	136977138	0.6308	0.003959	6.03457853880649e-18	136.977138
7_137067938	7_137156237_A_C	137156237	0.7946	0.5251	5.85740221853262e-18	137.156237
7_137067938	7_137081223_A_G	137081223	0.3086	3.566e-05	5.824686350704e-18	137.081223
7_137067938	7_137127509_C_A	137127509	0.02296	0.1734	5.63713344358937e-18	137.127509
7_137067938	7_137059537_T_C	137059537	0.3802	0.002497	4.81664248732682e-18	137.059537
7_137067938	7_136987235_G_A	136987235	0.7522	0.005333	4.75327575650412e-18	136.987235
7_137067938	7_137116689_A_T	137116689	0.008795	0.2816	4.4572777573403e-18	137.116689
7_137067938	7_136972027_T_C	136972027	0.5753	0.026	4.13622080882086e-18	136.972027
7_137067938	7_137024149_C_T	137024149	0.4267	0.0001335	3.9739852607855e-18	137.024149
7_137067938	7_137127034_T_G	137127034	0.008117	0.2909	3.861734595692e-18	137.127034
7_137067938	7_137119443_G_A	137119443	0.011	0.2865	3.85582592173499e-18	137.119443
7_137067938	7_137118690_A_C	137118690	0.01067	0.2816	3.82586076010116e-18	137.11869
7_137067938	7_137023278_T_C	137023278	0.931	0.3045	3.82220132522488e-18	137.023278
7_137067938	7_137086826_T_C	137086826	0.7473	0.009952	3.81508725641575e-18	137.086826
7_137067938	7_137132243_T_C	137132243	0.1705	0.5246	3.79095521986989e-18	137.132243
7_137067938	7_137011207_G_T	137011207	0.409	0.0008782	3.77088035736339e-18	137.011207
7_137067938	7_137005808_G_A	137005808	0.7161	0.00371	3.7674372716053e-18	137.005808
7_137067938	7_136972794_C_T	136972794	0.7671	0.7723	3.75491129213793e-18	136.972794
7_137067938	7_137117646_G_A	137117646	0.01103	0.2896	3.73268934479511e-18	137.117646
7_137067938	7_137017100_T_C	137017100	0.4021	3.045e-05	3.7141388135555e-18	137.0171
7_137067938	7_137051382_G_T	137051382	0.00151	2.645e-15	3.7070620264502e-18	137.051382
7_137067938	7_136981593_A_C	136981593	0.4941	0.9042	3.70371536933235e-18	136.981593
7_137067938	7_136974025_C_T	136974025	0.8969	0.2432	3.69436826346403e-18	136.974025
7_137067938	7_137070042_A_T	137070042	0.4967	0.1828	3.64701753052112e-18	137.070042
7_137067938	7_137074839_T_C	137074839	0.0003408	1.896e-17	3.6308037520627e-18	137.074839
7_137067938	7_137016297_C_A	137016297	0.4173	4.352e-05	3.61538253418094e-18	137.016297
7_137067938	7_137011403_C_T	137011403	0.4705	3.489e-05	3.59214518451244e-18	137.011403
7_137067938	7_137140515_G_A	137140515	0.4845	0.4132	3.58859614849288e-18	137.140515
7_137067938	7_137159094_G_A	137159094	0.5372	0.04625	3.58553951964374e-18	137.159094
7_137067938	7_137119369_T_C	137119369	0.009653	0.2816	3.46680567782753e-18	137.119369
7_137067938	7_137130232_G_A	137130232	0.05762	0.1413	3.38640847222087e-18	137.130232
7_137067938	7_137041731_A_G	137041731	0.05179	4.104e-07	3.35598199954541e-18	137.041731
7_137067938	7_137121785_G_A	137121785	0.5563	0.8827	3.0731881376715e-18	137.121785
7_137067938	7_137149912_A_G	137149912	0.06856	0.66	3.02329338786346e-18	137.149912
7_137067938	7_136996149_T_C	136996149	0.4022	0.05452	2.95792714163121e-18	136.996149
7_137067938	7_137130766_C_A	137130766	0.04534	0.1562	2.9141851383505e-18	137.130766
7_137067938	7_137098085_T_C	137098085	0.003995	0.3275	2.87401325477495e-18	137.098085
7_137067938	7_137085980_G_T	137085980	0.7684	7.028e-05	2.47979886039816e-18	137.08598
7_137067938	7_136985916_A_G	136985916	0.8573	0.003543	1.67129869051838e-18	136.985916
