eSNP	BP	GWAS_P	EQTL_P	MAF	SNP.PP.H4
14_104108743_A_G	104230518	0.1934	0.3857	0.4672	0.164724009001328
14_104117449_T_C	104101417	0.003081	0.01031	0.3256	0.107880047280576
14_104131033_A_G	104090569	0.9176	0.0687	0.0243	0.101797033664739
14_104091115_A_G	104053053	0.8309	0.3695	0.0251	0.0823547470758899
14_104113482_T_C	104069385	3.72e-09	0.001637	0.3399	0.0618448284695615
14_104119701_C_G	104089053	1.073e-06	0.0003477	0.2628	0.0592356577574666
14_104100560_A_G	104056070	0.002554	0.7074	0.0438	0.0507967808383723
14_104146361_A_G	104058014	0.0001887	0.001772	0.348	0.0503869330469066
14_104155945_A_G	104079737	5.203e-09	0.002129	0.3404	0.0462814968963926
14_104174123_T_C	104075712	2.727e-09	0.001684	0.3397	0.043986803675603
14_104096558_T_C	104165927	0.003919	0.01491	0.3257	0.0395797105366812
14_104095922_T_C	104179267	5.462e-05	9.774e-05	0.197	0.0319717666905269
14_104113092_A_G	104068970	3.703e-09	0.001637	0.3396	0.0244998623092305
14_104152352_C_G	104146361	6.324e-09	5.472e-05	0.293	0.0239742257446247
14_104095701_A_C	104194196	0.01703	0.1672	0.0655	0.0207004694716956
14_104142792_A_G	104056483	0.7663	0.6307	0.0306999999999999	0.010759526677945
14_104070983_A_G	104218135	0.01693	0.514	0.4119	0.00733599109783972
14_104072541_A_G	104226701	0.2904	0.7401	0.00890000000000002	0.00710471973037352
14_104072766_A_C	104067153	0.3227	0.6109	0.023	0.00682249795581674
14_104091434_A_G	104087773	0.7257	0.2971	0.014	0.00627543688994217
14_104075712_T_C	104116186	0.6333	0.08131	0.0281	0.00610350176049739
14_104077511_A_G	104096558	9.84e-09	4.373e-05	0.3013	0.00570745232050519
14_104081120_A_G	104049793	5.824e-08	0.004002	0.361	0.00466410004465166
14_104068970_T_C	104072225	4.524e-09	0.001637	0.3403	0.00464064663924262
14_104069385_T_C	104072365	0.01019	0.116	0.3573	0.00461896292578637
14_104077897_A_G	104187357	0.1962	0.2102	0.1202	0.00422453535619325
14_104069002_T_C	104150354	0.001296	0.08269	0.0734	0.00384154777793421
14_104072225_T_C	104100639	0.09134	0.4099	0.0256	0.00381720155416825
14_104077611_T_C	104196405	0.4554	0.7163	0.4599	0.00300851954253923
14_104078414_T_C	104236844	0.2129	0.8866	0.4665	0.00294937858824622
14_104075015_T_C	104245400	0.3992	0.8596	0.00619999999999998	0.00278616835307441
14_104079737_A_G	104154882	2.038e-05	0.0001569	0.1982	0.00267588973481205
14_104079924_A_G	104233014	0.01667	0.4849	0.4109	0.00134596494126215
14_104051685_A_G	104190527	0.1699	0.2684	0.4272	0.0002433928594273
14_104137643_A_G	104102852	0.9537	0.08131	0.0231	0.000161665988657346
14_104049793_T_C	104122310	0.01053	0.05743	0.3741	0.000149685121747888
14_104067809_T_C	104240998	0.01629	0.483	0.4111	0.000114139231770246
14_104115251_A_T	104178186	0.005283	0.0193	0.3295	0.000114014266307767
14_104103481_T_G	104160141	0.003122	0.006608	0.3258	9.73983937892337e-05
14_104089053_T_C	104069002	4.167e-09	0.001789	0.3396	7.48244618536036e-05
14_104070722_A_G	104231430	0.2192	0.4226	0.4658	7.37349908999172e-05
14_104147886_T_C	104090095	1.13e-06	0.0003477	0.2628	7.27912162301196e-05
14_104090095_C_G	104110480	0.001174	0.08269	0.0734	7.11908481654705e-05
14_104126139_C_G	104091434	2.391e-09	0.001903	0.3374	4.96492682409551e-05
14_104070721_C_G	104067494	0.36	0.0687	0.0326	4.51590068706377e-05
14_104054354_C_G	104197266	0.04076	0.9485	0.0651	9.26044292699241e-06
14_104154882_C_G	104050357	0.0007384	0.03764	0.2878	9.08609825561588e-06
14_104166783_A_G	104063723	0.0006726	0.04297	0.3035	6.32634338513211e-06
14_104054425_T_C	104083042	0.0005979	0.1083	0.272	5.70970386677501e-06
14_104179267_T_C	104228546	0.0168	0.4849	0.4119	5.26787320412271e-06
14_104058014_A_C	104113482	7.662e-09	3.45e-05	0.3008	1.29837645057063e-07
14_104246362_T_C	104201869	0.214	0.5512	0.4796	9.338223519529e-08
14_104077434_A_G	104156108	0.00272	0.007361	0.3255	5.55204404986679e-09
14_104184115_C_G	104060066	0.003208	0.054	0.3094	3.81068222550823e-09
14_104156108_C_G	104091115	9.303e-10	0.000272	0.3119	3.43988326512717e-09
14_104160141_T_C	104131033	2.46e-09	7.015e-05	0.3003	3.31083482051364e-09
14_104050357_A_G	104247901	0.01311	0.8237	0.0553	3.29568308005502e-09
14_104063723_T_C	104246362	5.099e-06	0.6754	0.1366	3.17286741966653e-09
14_104067895_T_G	104221504	0.7798	0.3471	0.0686	2.75618973628907e-09
14_104110480_A_C	104117449	3.382e-09	4.56e-05	0.3009	2.58997028788487e-09
14_104100098_T_C	104114370	0.1971	0.4729	0.014	2.58793672985191e-09
14_104093622_A_T	104056235	0.01936	0.8362	0.0567	2.54388386711528e-09
14_104069687_A_C	104229443	0.8625	0.2238	0.0695	2.51842839463724e-09
14_104171758_A_G	104227760	0.763	0.3471	0.0688	2.42255023912939e-09
14_104150354_A_G	104119701	8.842e-09	3.084e-05	0.3009	2.36432343574932e-09
14_104101417_T_C	104211529	0.01822	0.4925	0.4124	2.33700602322745e-09
14_104136394_A_G	104072541	2.39e-09	0.001637	0.3399	2.32468820165202e-09
14_104135966_A_G	104072766	2.492e-09	0.001637	0.3397	2.05942916498918e-09
14_104098722_A_G	104049754	0.003185	0.7074	0.0436	2.05085785870582e-09
14_104143237_C_G	104114448	0.8178	0.08131	0.0338	1.94469286827138e-09
14_104083042_C_G	104078414	5.755e-09	0.001684	0.3406	1.88387418558542e-09
14_104170796_T_C	104054354	6.279e-06	0.0005339	0.3058	1.87700039542138e-09
14_104165927_T_C	104242397	0.1961	0.4207	0.4644	1.39642334117914e-09
14_104178186_A_G	104065464	0.001633	0.2511	0.2484	8.64224537920382e-10
14_104215370_T_C	104136394	0.00132	0.08269	0.0734	8.00955065568855e-10
14_104083071_A_G	104103481	1.659e-05	1.139e-05	0.1994	7.82629208975694e-10
14_104074307_C_G	104084328	0.6488	0.9862	0.0254	7.72185135774229e-10
14_104056070_C_G	104095701	2.367e-08	3.447e-05	0.3008	6.45992714035472e-10
14_104060066_A_T	104215370	0.008532	0.05405	0.0279	6.27855050382265e-10
14_104049754_T_C	104142792	1.878e-08	9.626e-05	0.3035	5.30178267956397e-10
14_104065464_A_T	104072090	0.01036	0.116	0.3573	4.44787076213777e-10
14_104107753_A_G	104193099	0.6382	0.5798	0.4729	3.10919313165264e-10
14_104115791_T_C	104171758	0.001416	0.0693	0.0737	2.58451250255407e-10
14_104104759_A_G	104212949	0.0173	0.4925	0.412	2.39670073140441e-10
14_104118498_A_G	104113092	9.833e-09	7.667e-05	0.3024	2.36808467633438e-10
14_104120612_A_G	104198251	0.07032	0.9702	0.4063	2.32317769021662e-10
14_104149475_A_G	104116660	0.9603	0.1474	0.0228	2.04384144468512e-10
14_104122310_T_C	104198351	0.02732	0.5384	0.3443	1.90972203342968e-10
14_104167564_A_G	104051685	6.965e-08	0.001804	0.3659	1.87996099579375e-10
14_104194196_C_G	104070721	2.218e-07	0.003499	0.3856	1.64516429057812e-10
14_104197122_A_G	104115791	0.01337	0.2805	0.0299	1.51701454714431e-10
14_104160061_T_C	104127246	0.9386	0.08131	0.023	1.21378880176856e-10
14_104247901_T_G	104092185	0.6237	0.1255	0.0405	1.20274203819237e-10
14_104072365_T_C	104186506	0.03742	0.6648	0.0215	1.18946247348765e-10
14_104072090_A_G	104106721	0.934	0.1112	0.0267	1.1720822179281e-10
14_104087823_A_G	104135966	0.002685	0.01412	0.3251	1.09504883892438e-10
14_104186506_A_G	104077434	0.0003456	0.04652	0.304	1.0182044326965e-10
14_104238647_T_C	104167564	0.008052	0.08073	0.374	9.52941002861251e-11
14_104226935_T_C	104100560	7.614e-09	4.373e-05	0.3005	8.96396893834157e-11
14_104184322_A_G	104087823	0.008603	0.1611	0.3603	8.77791261028216e-11
14_104056235_A_C	104158222	0.9471	0.08131	0.0231	8.35666164091407e-11
14_104214342_C_G	104197122	0.02923	0.2105	0.0281	6.21551781478923e-11
14_104189018_T_C	104143237	0.002859	0.01412	0.3251	5.14160448216459e-11
14_104100639_A_T	104189018	0.1202	0.4822	0.0158	4.90529802201413e-11
14_104197266_T_C	104093622	0.001246	0.07782	0.0734	3.89403020290532e-11
14_104114370_C_G	104079924	1.289e-08	0.001684	0.3418	3.83143017702364e-11
14_104245400_A_G	104155945	7.311e-09	5.105e-05	0.3009	3.62824749061751e-11
14_104110224_T_C	104062068	0.72	0.0687	0.0238	3.61826303099922e-11
14_104176815_T_C	104120612	0.01125	0.04118	0.3738	3.60806348129014e-11
14_104226701_T_C	104054425	1.21e-05	0.0004519	0.3024	3.60739948275611e-11
14_104067494_T_C	104214778	0.7639	0.3471	0.0689	3.29277471301677e-11
14_104240998_T_C	104162810	0.7202	0.4124	0.0164	3.04034019589899e-11
14_104233014_A_G	104174123	7.271e-09	5.455e-05	0.2997	2.97402206250512e-11
14_104228546_A_G	104086326	0.6221	0.0687	0.028	2.95179395065478e-11
14_104245573_T_C	104152352	8.243e-09	9.626e-05	0.3005	2.92146859629042e-11
14_104221085_C_G	104074307	0.001911	0.6974	0.0493	2.86892581474101e-11
14_104216951_T_C	104226935	0.0517	0.2406	0.0276999999999999	2.86198034328332e-11
14_104212949_T_C	104217724	0.7827	0.3471	0.0689	2.85468806163865e-11
14_104218135_A_G	104232814	0.5371	0.8063	0.1106	2.85011241147115e-11
14_104211529_T_G	104122483	0.6145	0.8876	0.0374	2.72728659816572e-11
14_104065239_A_G	104098722	0.001521	0.08269	0.0727	2.64634718048342e-11
14_104086326_T_C	104126139	2.072e-05	1.982e-05	0.1993	2.58572263673905e-11
14_104062068_A_C	104067895	0.0007946	0.04227	0.3025	2.58023920164258e-11
14_104090569_A_G	104110224	0.2059	0.4729	0.0145999999999999	2.41676926106867e-11
14_104116186_T_C	104170796	0.003999	0.01008	0.3258	2.37763649322708e-11
14_104127246_T_C	104118498	0.01101	0.04118	0.3738	2.29261979831398e-11
14_104143928_A_C	104222252	0.7808	0.3471	0.0688	2.29166098336372e-11
14_104135503_A_G	104077897	3.257e-09	0.002129	0.3392	2.29097223570428e-11
14_104158222_T_C	104115251	7.746e-06	2.255e-05	0.2033	2.28732256826021e-11
14_104102852_T_C	104184347	0.6775	0.376	0.0247	2.28614943114601e-11
14_104162377_A_G	104143928	0.9278	0.08131	0.0231	2.2643132821093e-11
14_104247683_C_G	104240618	0.2285	0.4207	0.4664	2.10091260316753e-11
14_104114448_T_C	104108743	2.272e-09	4.373e-05	0.3003	2.02603760051852e-11
14_104199580_A_C	104205685	0.8808	0.4713	0.0141	2.02435062153604e-11
14_104087773_T_C	104135503	0.9305	0.08131	0.0231	1.98766129585344e-11
14_104198351_T_C	104247683	0.2095	0.6886	0.0285	1.96495611438677e-11
14_104106721_A_G	104195610	0.5771	0.5795	0.4681	1.90022331398165e-11
14_104067153_T_C	104176815	0.6379	0.02052	0.0755	1.86513369235333e-11
14_104163901_T_C	104214342	0.01177	0.2596	0.337	1.84284846241673e-11
14_104170341_A_C	104104759	0.01018	0.04441	0.3732	1.82039253696638e-11
14_104116660_T_G	104166783	2.163e-05	0.0002273	0.1992	1.82005800176474e-11
14_104194228_A_G	104077611	5.64e-09	0.001684	0.3403	1.72349505377756e-11
14_104205685_A_G	104083071	0.00188	0.6974	0.0494	1.69131945596137e-11
14_104162810_C_G	104147886	1.777e-05	1.492e-05	0.1983	1.67474024706978e-11
14_104092185_T_C	104069687	0.0005233	0.6974	0.0502	1.65688668034383e-11
14_104179314_T_C	104221085	0.01677	0.5159	0.4119	1.54367223616752e-11
14_104184347_T_C	104149475	0.01063	0.05197	0.3737	1.36036023995562e-11
14_104187357_T_C	104194228	0.5326	0.3407	0.0211	1.29471746194004e-11
14_104053053_C_G	104065239	0.6817	0.0687	0.0234	1.27082369703648e-11
14_104231635_A_T	104199580	0.02626	0.5487	0.3411	1.11311102739682e-11
14_104084328_T_C	104238647	0.007266	0.2596	0.3392	1.1085349392246e-11
14_104056483_A_G	104160061	0.05015	0.1216	0.0276	9.68008066873945e-12
14_104122483_A_G	104095922	1.226e-08	4.373e-05	0.301	8.51767238433805e-12
14_104229443_C_G	104067809	9.841e-07	0.0002314	0.2659	8.01151373257638e-12
14_104198251_T_C	104184322	0.01257	0.1343	0.3708	7.00399483518231e-12
14_104227760_T_C	104216951	0.01685	0.514	0.4119	6.67493512229316e-12
14_104214778_A_T	104184115	0.0007444	0.08368	0.0773	6.66555054911981e-12
14_104221504_C_G	104075015	6.094e-09	0.001684	0.3423	6.64654817508163e-12
14_104222252_A_T	104137643	3.555e-06	3.626e-05	0.2066	6.63013961148505e-12
14_104217724_T_C	104231635	0.9301	0.613	0.0241	6.61863504320541e-12
14_104190527_A_G	104077511	2.39e-09	0.002129	0.3397	6.03079192380279e-12
14_104230518_A_G	104081120	3.902e-09	0.00153	0.3403	4.34398517621324e-12
14_104242397_A_C	104162377	0.9257	0.08131	0.0239	4.10276680188997e-12
14_104232814_C_G	104179314	0.4257	0.3566	0.0298	3.90048624256526e-12
14_104231430_T_C	104245573	0.01705	0.483	0.4109	3.77393728714286e-12
14_104240618_A_C	104163901	0.8786	0.1474	0.0227	3.67181943070027e-12
14_104201869_C_G	104100098	0.001175	0.08269	0.0734	3.35571126933018e-12
14_104236844_A_C	104170341	0.916	0.1474	0.023	2.8970227821664e-12
14_104196405_C_G	104107753	0.01097	0.2805	0.0294	1.85843543895038e-12
14_104195610_T_C	104070983	2.313e-09	0.001637	0.3397	1.77635805028632e-12
14_104193099_C_G	104070722	1.694e-07	0.002643	0.392	1.69615890594374e-12
