eSNP	BP	GWAS_P	EQTL_P	MAF	SNP.PP.H4
1_151441080_A_G	151512426	0.2947	0.4611	0.4104	0.191623526841529
1_151437008_A_G	151375584	0.003826	7.433e-12	0.0522	0.124642883286695
1_151411635_A_C	151395782	3.69e-05	0.1305	0.1736	0.0529711816549074
1_151431632_T_C	151504689	0.5329	0.5089	0.2295	0.0503852534946645
1_151430704_A_G	151423038	1.802e-05	1.144e-10	0.1715	0.0486205365470208
1_151427666_T_C	151330289	0.8595	0.06165	0.2458	0.0479453106427982
1_151423038_A_C	151333070	0.9005	0.03905	0.2344	0.047704083831654
1_151384711_A_G	151379818	0.3121	0.4301	0.0111	0.0473499740716742
1_151430051_C_G	151457800	0.4242	0.7388	0.1188	0.0470662029027339
1_151430755_T_C	151348336	0.1134	0.2916	0.0273	0.0446978370673574
1_151405792_T_C	151384711	1.457e-05	1.464e-10	0.1712	0.0433207808487819
1_151386465_A_C	151477193	0.1056	0.967	0.1272	0.0416683243541106
1_151402045_A_G	151439307	0.9566	0.7522	0.00990000000000002	0.0410923899512187
1_151388931_T_C	151322337	0.2669	0.3495	0.1083	0.0401844037469532
1_151374025_T_C	151348330	0.1139	0.2916	0.0273	0.0394546061710944
1_151393428_C_G	151323215	0.9317	0.05208	0.2322	0.0391283848819542
1_151406375_A_C	151402373	0.0006188	0.525	0.0151	0.0337728808224246
1_151424971_T_C	151325055	0.9666	0.0409	0.2311	0.015335961687372
1_151357333_T_C	151427666	1.783e-05	1.144e-10	0.1708	0.00205917018017662
1_151414924_A_G	151322008	0.4217	0.2472	0.109	0.000507648246382453
1_151404898_T_C	151365327	0.2801	0.3942	0.0107	0.000290260545383197
1_151375584_T_C	151343446	0.7096	0.6043	0.0133	0.000127595352514512
1_151447507_T_C	151335909	0.9102	0.6351	0.2275	2.92133343393724e-05
1_151449424_T_C	151374025	1.426e-05	1.863e-10	0.1712	2.10266998681278e-05
1_151362511_A_G	151438477	0.001884	0.619	0.1189	3.80878538052122e-07
1_151366494_A_C	151411635	1.607e-05	1.144e-10	0.1709	8.2045454529074e-08
1_151347311_A_T	151424971	1.892e-05	4.149e-10	0.1709	5.86189385319933e-08
1_151344741_T_G	151501841	0.1715	0.03226	0.0393	2.42616124883919e-08
1_151442251_T_G	151413180	0.002853	0.619	0.1191	2.45136179682205e-09
1_151435159_A_G	151513247	0.3267	0.07364	0.319	2.23872960147677e-09
1_151389620_A_C	151347311	0.0001105	0.0001867	0.1703	2.14670641648713e-09
1_151407693_A_G	151380727	0.002804	0.619	0.1191	1.54790815847962e-09
1_151400942_A_C	151513660	0.8032	0.07264	0.0183	1.47316957037353e-09
1_151382476_T_C	151476744	0.2894	0.2979	0.0312	1.41220726772133e-09
1_151417202_A_C	151393428	1.343e-05	2.012e-10	0.1711	1.2876694857735e-09
1_151395782_T_C	151421594	0.4806	0.5854	0.00780000000000003	1.07272836868737e-09
1_151390390_T_C	151335153	0.9889	0.07823	0.2307	1.04814591995636e-09
1_151396037_A_C	151389553	0.8751	0.9625	0.00619999999999998	1.02852585030979e-09
1_151443165_T_C	151437008	1.173e-05	5.904e-11	0.1707	9.70566763582594e-10
1_151402373_A_T	151352436	0.2993	0.1835	0.00939999999999996	1.91258125731237e-10
1_151355546_A_G	151332226	0.9139	0.05751	0.2494	2.17445340617244e-11
1_151438477_C_G	151511268	0.7518	0.01164	0.1605	1.4899623231294e-11
1_151423567_A_C	151355546	0.0008909	0.9684	0.1566	1.10323501404788e-11
1_151429618_T_C	151464911	0.06227	0.7941	0.0364	1.05826196944911e-11
1_151380727_A_G	151502966	0.121	0.2547	0.0105	1.03419681428022e-11
1_151413180_A_G	151396037	3.853e-05	0.1305	0.1739	1.01798274555766e-11
1_151388740_A_G	151497140	0.008637	0.8503	0.1711	7.83522159603929e-12
1_151423801_A_T	151324415	0.8699	0.05611	0.2516	6.5877185515888e-12
1_151488782_T_G	151357333	1.096e-05	9.589e-09	0.1974	3.20613994647032e-12
1_151343545_T_C	151430755	1.931e-05	1.144e-10	0.1716	3.04304630177016e-12
1_151501841_C_G	151383971	0.1371	0.9397	0.0188	2.76972306515647e-12
1_151502966_C_G	151325879	0.394	0.1087	0.4674	2.69588945189516e-12
1_151497140_T_C	151423567	0.002605	0.619	0.1195	2.60460204392378e-12
1_151495796_T_C	151511695	0.2231	0.04395	0.0402	2.47159849259346e-12
1_151411444_A_C	151331304	0.8488	0.06234	0.2453	2.40913463649993e-12
1_151511109_T_C	151435159	1.732e-05	0.1274	0.1734	2.17719319233999e-12
1_151510026_A_G	151325472	0.6743	0.07278	0.3555	2.05863892872878e-12
1_151512895_A_G	151482475	0.09154	0.3014	0.0319	2.03789051057729e-12
1_151340830_A_G	151455719	0.04802	0.9724	0.0365	1.99361914825308e-12
1_151455523_C_G	151366494	1.059e-06	0.03644	0.1604	1.97956248895978e-12
1_151455719_A_G	151382476	2.758e-05	0.1305	0.174	1.94111125761178e-12
1_151511695_T_C	151488782	0.006879	0.8561	0.1699	1.92568216345217e-12
1_151482475_A_T	151423801	0.01341	0.2903	0.0508	1.7215953624862e-12
1_151465269_A_T	151343545	0.01293	0.1416	0.3569	1.67953963186408e-12
1_151348336_A_C	151417202	2.787e-05	0.1478	0.1739	1.61919629479013e-12
1_151348330_A_G	151474353	0.09556	0.9718	0.1273	1.61361894414684e-12
1_151464911_T_C	151449424	0.002871	1.603e-10	0.0521	1.59938386352651e-12
1_151352436_A_C	151431632	1.695e-05	1.144e-10	0.171	1.5820594177085e-12
1_151459456_A_G	151465269	0.05241	0.6015	0.0449000000000001	1.4390168855075e-12
1_151511268_T_G	151406375	2.087e-05	1.464e-10	0.1718	1.371658986579e-12
1_151383971_T_C	151333041	0.734	0.1927	0.0165	1.35738840588533e-12
1_151365327_A_G	151429618	0.00274	0.619	0.1188	1.32229964614689e-12
1_151451346_T_C	151323227	0.5955	0.09198	0.3591	1.20260007268441e-12
1_151379818_T_C	151510026	0.2605	0.03143	0.0408	1.18550988150341e-12
1_151346333_A_G	151459456	0.06824	0.9614	0.0369	1.07268922500451e-12
1_151421594_T_C	151333878	0.9948	0.04524	0.2307	1.0716709741713e-12
1_151413613_A_G	151495796	0.009155	0.8503	0.1712	1.01499747231734e-12
1_151513660_T_G	151414924	0.00368	1.027e-12	0.0524	9.66438140610076e-13
1_151389553_T_C	151404898	0.003558	2.352e-12	0.052	9.39268263038438e-13
1_151333041_A_C	151419936	0.8361	0.2411	0.0142	7.46260592792215e-13
1_151476744_A_T	151390390	3.777e-05	0.1305	0.1739	7.42634213952072e-13
1_151419936_T_C	151344741	6.427e-05	0.001034	0.1843	7.28004017369405e-13
1_151439307_T_C	151512895	0.08339	0.06038	0.1208	7.0708348327156e-13
1_151346476_T_C	151430704	1.769e-05	1.144e-10	0.1717	6.79262247825232e-13
1_151343446_C_G	151405792	1.596e-05	1.464e-10	0.1709	6.4517903584183e-13
1_151456548_C_G	151430051	1.818e-05	1.144e-10	0.1708	4.85429824948639e-13
1_151430032_A_T	151388931	1.306e-05	2.012e-10	0.1711	4.53815369604358e-13
1_151333070_T_C	151407693	2.507e-05	0.1305	0.1737	4.37408946808337e-13
1_151325055_T_C	151451346	0.04668	0.1968	0.1728	4.22560623740542e-13
1_151473804_A_G	151361151	0.514	0.6822	0.4838	4.11560256101231e-13
1_151474353_T_C	151411444	0.1765	0.05055	0.0266999999999999	4.10633187049396e-13
1_151482459_T_C	151455523	0.04654	0.9979	0.0368	4.06891179853962e-13
1_151333878_A_G	151447507	0.002813	1.008e-10	0.0521	3.91828808220942e-13
1_151477193_T_C	151402045	1.687e-05	1.464e-10	0.1709	3.79537837949215e-13
1_151513247_T_C	151511109	0.19	0.04395	0.0394	3.76657727645803e-13
1_151474937_T_C	151386465	1.665e-05	1.464e-10	0.1711	3.727939690729e-13
1_151481059_A_C	151441080	1.061e-05	3.974e-11	0.1708	3.65645348117256e-13
1_151323215_A_G	151443165	1.575e-05	0.6972	0.1708	3.52934877202597e-13
1_151484219_A_C	151362511	0.003742	4.342e-07	0.3169	3.42176812927146e-13
1_151324415_A_G	151400942	2.642e-05	0.1305	0.1736	3.23456792281205e-13
1_151332226_T_G	151474937	0.7588	0.9523	0.0262	3.16625716552866e-13
1_151322337_A_G	151482459	0.09691	0.8569	0.1291	3.06913128450724e-13
1_151330289_A_G	151508061	0.3214	0.352	0.4109	3.06031822087284e-13
1_151331304_A_T	151462583	0.5843	0.7735	0.1263	3.04617888134381e-13
1_151322008_C_G	151337788	0.626	0.09417	0.3571	2.74917009721179e-13
1_151335153_T_C	151389620	1.775e-05	0.1305	0.1741	2.62015307224622e-13
1_151325472_T_G	151456548	0.08181	0.4946	0.156	2.45677640064016e-13
1_151325879_A_C	151481059	0.1103	0.9625	0.1277	2.24571033016701e-13
1_151323227_T_C	151484219	0.12	0.9533	0.1278	2.17051664615066e-13
1_151337788_A_G	151346476	0.6025	0.6043	0.0135999999999999	2.09114104576685e-13
1_151457800_A_C	151442251	1.396e-05	0.152	0.1727	1.55764840420964e-13
1_151462583_T_C	151473804	0.09646	0.9045	0.1266	1.23904862174195e-13
1_151508061_A_C	151430032	0.3736	0.1858	0.0736	1.19884207904506e-13
1_151512426_T_C	151388740	0.05406	0.02327	0.05	1.09577284820269e-13
1_151504689_T_C	151340830	0.07888	0.8336	0.0205	9.80170382704113e-14
1_151335909_T_G	151413613	0.9169	0.03139	0.0538	7.43972216450307e-14
1_151361151_A_G	151346333	0.03882	0.1574	0.3713	6.40126198350755e-14
