0.24367
0.267982
0.260002
0.267858
0.267858
0.267858
0.267858
0.26348
0.26348
0.26348
0.26348
0.26348
0.250335
0.229401
0.226166
-0.241228
-0.295597
-0.241228
-0.295597
-0.269114
-0.270925
-0.241228
-0.295597
-0.241228
-0.295597
-0.241228
-0.295597
-0.182835
-0.182835
0.229607
0.22356
0.20882
0.20882
0.200803
0.200803
0.205848
0.226135
0.218361
0.226135
0.226135
0.223882
0.226135
0.226135
0.218361
0.226135
0.226135
0.226408
0.226408
0.226408
0.226408
0.217241
0.226408
0.226408
0.223396
0.226408
0.217241
0.226408
0.226408
0.217241
0.226408
0.223396
0.216686
0.208428
0.226408
0.213582
0.226408
0.217241
0.217241
0.217241
0.213582
0.223396
0.217241
0.213582
0.217241
0.226408
0.226408
0.213582
0.217241
0.217241
0.217241
0.226408
0.226408
0.213582
0.213582
0.223396
0.226408
0.226408
0.217241
0.226408
0.215316
0.213582
0.213582
0.217241
0.226408
0.213582
0.20882
0.20882
0.200803
0.200803
0.205848
0.218361
0.218361
0.217241
0.217241
0.217241
0.208428
0.213582
0.217241
0.217241
0.217241
0.213582
0.217241
0.213582
0.217241
0.213582
0.217241
0.217241
0.217241
0.213582
0.213582
0.217241
0.213582
0.213582
0.217241
0.213582
0.291363
0.304419
0.270312
0.296256
0.296256
0.296256
0.291363
0.291363
0.284314
0.239032
0.228205
0.219906
0.27881
0.27881
0.27881
0.27881
0.286615
0.232022
0.228294
0.266267
0.247958
0.282063
0.247958
0.247958
0.247958
0.247958
0.247958
0.247958
0.266275
0.247958
0.247958
0.247958
0.247958
0.247958
0.247958
0.247958
0.247958
0.247958
0.247958
0.247958
0.247958
0.247958
0.247958
0.247958
0.256376
0.227382
0.26466
0.262349
0.262349
0.274218
0.262349
0.262349
0.274218
0.253267
0.262349
0.262349
0.262349
0.262349
0.262349
0.262349
0.2703
0.262349
0.262349
0.262349
0.262349
0.262349
0.25381
0.262349
0.262349
0.262349
0.262349
0.262349
0.227382
0.262349
0.262349
0.262349
0.262349
0.264588
0.275906
0.270748
0.292347
0.296529
0.260473
0.262349
0.262349
0.262349
0.262349
0.262349
0.262349
0.274218
0.24697
0.285722
0.212905
0.229607
0.22356
0.218654
0.202538
0.20522
0.20882
0.20882
0.208039
0.212232
0.200803
0.212232
0.200803
0.205848
0.20752
0.208017
0.226135
0.218361
0.226135
0.226135
0.223882
0.226135
0.226135
0.218361
0.226135
0.226135
0.226408
0.226408
0.226408
0.226408
0.217241
0.226408
0.226408
0.223396
0.226408
0.217241
0.226408
0.226408
0.217241
0.226408
0.223396
0.216686
0.208428
0.226408
0.213582
0.226408
0.217241
0.217241
0.217241
0.213582
0.223396
0.217241
0.213582
0.217241
0.226408
0.226408
0.213582
0.217241
0.217241
0.217241
0.226408
0.226408
0.213582
0.213582
0.223396
0.226408
0.226408
0.217241
0.226408
0.215316
0.213582
0.213582
0.217241
0.226408
0.213582
