eGene	eSNP	snp_chr	snp_pos	beta	pvalue	q	repeat_element	genomic_annotation	gene_name	sqtl_chr	sqtl_start	sqtl_end	sqtl_beta	sqtl_p	sqtl_q	dist_to_start	dist_to_end
chr19_46317289	19_46308558_A_G	19	46308558	0.24367	0.000311074	0.010906856	SINE/AluJo	intronic	HIF3A	19	46317198	46320443	-0.248731	5.14E-05	0.011228818	91	-3154
chr19_46317289	19_46312053_G_A	19	46312053	0.267982	0.000182544	0.007306589	SINE/AluJo	intronic	HIF3A	19	46317198	46320443	-0.254286	0.000114218	0.021919784	91	-3154
chr19_46317289	19_46312454_C_T	19	46312454	0.260002	0.000168359	0.006860234	SINE/AluJo	intronic	HIF3A	19	46317198	46320443	-0.253286	6.71E-05	0.014088327	91	-3154
chr19_46317289	19_46315764_A_G	19	46315764	0.267858	0.000171797	0.006964471	SINE/AluJo	intronic	HIF3A	19	46317198	46320443	-0.250934	0.000132867	0.024832408	91	-3154
chr19_46317289	19_46318282_G_A	19	46318282	0.267858	0.000171797	0.006964471	SINE/AluJo	intronic	HIF3A	19	46317198	46320443	-0.250934	0.000132867	0.024832408	91	-3154
chr19_46317289	19_46318527_C_T	19	46318527	0.267858	0.000171797	0.006964471	SINE/AluJo	intronic	HIF3A	19	46317198	46320443	-0.250934	0.000132867	0.024832408	91	-3154
chr19_46317289	19_46318648_C_T	19	46318648	0.267858	0.000171797	0.006964471	SINE/AluJo	intronic	HIF3A	19	46317198	46320443	-0.250934	0.000132867	0.024832408	91	-3154
chr19_46317289	19_46319544_T_C	19	46319544	0.26348	0.000172922	0.00699813	SINE/AluJo	intronic	HIF3A	19	46317198	46320443	-0.259498	6.15E-05	0.013083684	91	-3154
chr19_46317289	19_46319745_G_T	19	46319745	0.26348	0.000172922	0.00699813	SINE/AluJo	intronic	HIF3A	19	46317198	46320443	-0.259498	6.15E-05	0.013083684	91	-3154
chr19_46317289	19_46319779_A_G	19	46319779	0.26348	0.000172922	0.00699813	SINE/AluJo	intronic	HIF3A	19	46317198	46320443	-0.259498	6.15E-05	0.013083684	91	-3154
chr19_46317289	19_46319937_G_C	19	46319937	0.26348	0.000172922	0.00699813	SINE/AluJo	intronic	HIF3A	19	46317198	46320443	-0.259498	6.15E-05	0.013083684	91	-3154
chr19_46317289	19_46320046_G_A	19	46320046	0.26348	0.000172922	0.00699813	SINE/AluJo	intronic	HIF3A	19	46317198	46320443	-0.259498	6.15E-05	0.013083684	91	-3154
chr19_46317289	19_46320231_A_G	19	46320231	0.250335	0.00038035	0.012764491	SINE/AluJo	intronic	HIF3A	19	46317198	46320443	-0.260965	5.86E-05	0.012559113	91	-3154
chr19_46317289	19_46320445_A_G	19	46320445	0.229401	0.000823246	0.02308486	SINE/AluJo	intronic	HIF3A	19	46317198	46320443	-0.269101	1.94E-05	0.004871391	91	-3154
chr19_46317289	19_46320759_T_C	19	46320759	0.226166	0.000998637	0.026324378	SINE/AluJo	intronic	HIF3A	19	46317198	46320443	-0.287374	5.25E-06	0.00157888	91	-3154
chr1_1731171	1_1744652_C_T	1	1744652	-0.241228	0.000168903	0.00453853	SINE/AluY	UTR3	SLC35E2A	1	1731162	1747027	0.28042	1.49E-06	0.000417158	9	-15856
chr1_1731171	1_1748780_G_A	1	1748780	-0.295597	6.90E-06	0.000267484	SINE/AluY	UTR3	SLC35E2A	1	1731162	1747027	0.289563	1.10E-06	0.000317269	9	-15856
chr1_1731171	1_1744652_C_T	1	1744652	-0.241228	0.000168903	0.00453853	SINE/AluY	UTR3	SLC35E2A	1	1731162	1743801	0.290111	6.26E-07	0.00019174	9	-12630
chr1_1731171	1_1748780_G_A	1	1748780	-0.295597	6.90E-06	0.000267484	SINE/AluY	UTR3	SLC35E2A	1	1731162	1743801	0.300817	4.03E-07	0.000128734	9	-12630
chr1_1731171	1_1697818_G_C	1	1697818	-0.269114	7.46E-05	0.002255945	SINE/AluY	UTR3	SLC35E2A	1	1731162	1743041	0.226794	0.000220301	0.031788229	9	-11870
chr1_1731171	1_1697830_G_A	1	1697830	-0.270925	7.04E-05	0.002138131	SINE/AluY	UTR3	SLC35E2A	1	1731162	1743041	0.228428	0.000206048	0.030081904	9	-11870
chr1_1731171	1_1744652_C_T	1	1744652	-0.241228	0.000168903	0.00453853	SINE/AluY	UTR3	SLC35E2A	1	1731162	1743041	0.284666	1.02E-06	0.000298022	9	-11870
chr1_1731171	1_1748780_G_A	1	1748780	-0.295597	6.90E-06	0.000267484	SINE/AluY	UTR3	SLC35E2A	1	1731162	1743041	0.296616	5.88E-07	0.000181099	9	-11870
chr1_1731171	1_1744652_C_T	1	1744652	-0.241228	0.000168903	0.00453853	SINE/AluY	UTR3	SLC35E2A	1	1731162	1741899	0.276908	2.02E-06	0.000546582	9	-10728
chr1_1731171	1_1748780_G_A	1	1748780	-0.295597	6.90E-06	0.000267484	SINE/AluY	UTR3	SLC35E2A	1	1731162	1741899	0.288123	1.24E-06	0.000355066	9	-10728
chr1_1731171	1_1744652_C_T	1	1744652	-0.241228	0.000168903	0.00453853	SINE/AluY	UTR3	SLC35E2A	1	1731162	1739873	0.25335	1.43E-05	0.003086692	9	-8702
chr1_1731171	1_1748780_G_A	1	1748780	-0.295597	6.90E-06	0.000267484	SINE/AluY	UTR3	SLC35E2A	1	1731162	1739873	0.245669	3.76E-05	0.007138846	9	-8702
chr4_51887200	4_51844078_T_G	4	51844078	-0.182835	0.00725952	0.041304674	SINE/AluSc	intronic	DCUN1D4	4	51887244	51891760	0.37363	1.21E-09	3.46E-07	-44	-4560
chr4_51887200	4_51844078_T_G	4	51844078	-0.182835	0.00725952	0.041304674	SINE/AluSc	intronic	DCUN1D4	4	51886638	51887123	0.377833	7.79E-10	2.29E-07	562	77
chr10_35321030	10_35270263_T_C	10	35270263	0.229607	0.00102544	0.014837595	SINE/AluJo	intronic	CCNY	10	35321112	35321553	-0.230804	0.000254564	0.029274998	-82	-523
chr10_35321030	10_35270913_A_G	10	35270913	0.22356	0.00141174	0.01943373	SINE/AluJo	intronic	CCNY	10	35321112	35321553	-0.222363	0.000433237	0.044574948	-82	-523
chr10_35321030	10_35278199_T_C	10	35278199	0.20882	0.00275412	0.034004832	SINE/AluJo	intronic	CCNY	10	35321112	35321553	-0.255974	5.04E-05	0.007560432	-82	-523
chr10_35321030	10_35280678_T_C	10	35280678	0.20882	0.00275412	0.034004832	SINE/AluJo	intronic	CCNY	10	35321112	35321553	-0.255974	5.04E-05	0.007560432	-82	-523
chr10_35321030	10_35286527_C_T	10	35286527	0.200803	0.0040034	0.046200848	SINE/AluJo	intronic	CCNY	10	35321112	35321553	-0.256206	4.86E-05	0.007331598	-82	-523
chr10_35321030	10_35286779_T_C	10	35286779	0.200803	0.0040034	0.046200848	SINE/AluJo	intronic	CCNY	10	35321112	35321553	-0.256206	4.86E-05	0.007331598	-82	-523
chr10_35321030	10_35292568_T_C	10	35292568	0.205848	0.00306123	0.037107312	SINE/AluJo	intronic	CCNY	10	35321112	35321553	-0.247092	8.44E-05	0.01174368	-82	-523
chr10_35321030	10_35313747_T_G	10	35313747	0.226135	0.00158878	0.021493783	SINE/AluJo	intronic	CCNY	10	35321112	35321553	-0.24777	0.000134751	0.01738138	-82	-523
chr10_35321030	10_35313967_G_C	10	35313967	0.218361	0.00174448	0.023302861	SINE/AluJo	intronic	CCNY	10	35321112	35321553	-0.274137	1.21E-05	0.002195493	-82	-523
chr10_35321030	10_35314566_T_G	10	35314566	0.226135	0.00158878	0.021493783	SINE/AluJo	intronic	CCNY	10	35321112	35321553	-0.24777	0.000134751	0.01738138	-82	-523
chr10_35321030	10_35316877_G_A	10	35316877	0.226135	0.00158878	0.021493783	SINE/AluJo	intronic	CCNY	10	35321112	35321553	-0.24777	0.000134751	0.01738138	-82	-523
chr10_35321030	10_35319642_G_A	10	35319642	0.223882	0.00171805	0.02300253	SINE/AluJo	intronic	CCNY	10	35321112	35321553	-0.248559	0.000130928	0.016974887	-82	-523
chr10_35321030	10_35323582_C_A	10	35323582	0.226135	0.00158878	0.021493783	SINE/AluJo	intronic	CCNY	10	35321112	35321553	-0.24777	0.000134751	0.01738138	-82	-523
chr10_35321030	10_35328794_T_C	10	35328794	0.226135	0.00158878	0.021493783	SINE/AluJo	intronic	CCNY	10	35321112	35321553	-0.24777	0.000134751	0.01738138	-82	-523
chr10_35321030	10_35331531_A_T	10	35331531	0.218361	0.00174448	0.023302861	SINE/AluJo	intronic	CCNY	10	35321112	35321553	-0.274137	1.21E-05	0.002195493	-82	-523
chr10_35321030	10_35333982_C_T	10	35333982	0.226135	0.00158878	0.021493783	SINE/AluJo	intronic	CCNY	10	35321112	35321553	-0.24777	0.000134751	0.01738138	-82	-523
chr10_35321030	10_35335154_C_T	10	35335154	0.226135	0.00158878	0.021493783	SINE/AluJo	intronic	CCNY	10	35321112	35321553	-0.24777	0.000134751	0.01738138	-82	-523
chr10_35321030	10_35343127_C_T	10	35343127	0.226408	0.0015612	0.021174412	SINE/AluJo	intronic	CCNY	10	35321112	35321553	-0.2588	6.60E-05	0.009527861	-82	-523
chr10_35321030	10_35345839_A_G	10	35345839	0.226408	0.0015612	0.021174412	SINE/AluJo	intronic	CCNY	10	35321112	35321553	-0.2588	6.60E-05	0.009527861	-82	-523
chr10_35321030	10_35348152_C_T	10	35348152	0.226408	0.0015612	0.021174412	SINE/AluJo	intronic	CCNY	10	35321112	35321553	-0.2588	6.60E-05	0.009527861	-82	-523
chr10_35321030	10_35348764_G_T	10	35348764	0.226408	0.0015612	0.021174412	SINE/AluJo	intronic	CCNY	10	35321112	35321553	-0.2588	6.60E-05	0.009527861	-82	-523
chr10_35321030	10_35352643_G_A	10	35352643	0.217241	0.0017747	0.023650943	SINE/AluJo	intronic	CCNY	10	35321112	35321553	-0.282857	5.89E-06	0.00116397	-82	-523
chr10_35321030	10_35354462_G_A	10	35354462	0.226408	0.0015612	0.021174412	SINE/AluJo	intronic	CCNY	10	35321112	35321553	-0.258505	7.15E-05	0.010199918	-82	-523
chr10_35321030	10_35357305_C_T	10	35357305	0.226408	0.0015612	0.021174412	SINE/AluJo	intronic	CCNY	10	35321112	35321553	-0.258505	7.15E-05	0.010199918	-82	-523
chr10_35321030	10_35359578_C_T	10	35359578	0.223396	0.00196084	0.02565106	SINE/AluJo	intronic	CCNY	10	35321112	35321553	-0.254495	9.73E-05	0.013244421	-82	-523
chr10_35321030	10_35361290_A_G	10	35361290	0.226408	0.0015612	0.021174412	SINE/AluJo	intronic	CCNY	10	35321112	35321553	-0.2588	6.60E-05	0.009527861	-82	-523
chr10_35321030	10_35364297_A_G	10	35364297	0.217241	0.0017747	0.023650943	SINE/AluJo	intronic	CCNY	10	35321112	35321553	-0.282857	5.89E-06	0.00116397	-82	-523
chr10_35321030	10_35373065_T_G	10	35373065	0.226408	0.0015612	0.021174412	SINE/AluJo	intronic	CCNY	10	35321112	35321553	-0.2588	6.60E-05	0.009527861	-82	-523
chr10_35321030	10_35373712_A_G	10	35373712	0.226408	0.0015612	0.021174412	SINE/AluJo	intronic	CCNY	10	35321112	35321553	-0.2588	6.60E-05	0.009527861	-82	-523
chr10_35321030	10_35375528_A_G	10	35375528	0.217241	0.0017747	0.023650943	SINE/AluJo	intronic	CCNY	10	35321112	35321553	-0.282857	5.89E-06	0.00116397	-82	-523
chr10_35321030	10_35375730_G_C	10	35375730	0.226408	0.0015612	0.021174412	SINE/AluJo	intronic	CCNY	10	35321112	35321553	-0.2588	6.60E-05	0.009527861	-82	-523
chr10_35321030	10_35378205_C_T	10	35378205	0.223396	0.00196084	0.02565106	SINE/AluJo	intronic	CCNY	10	35321112	35321553	-0.254495	9.73E-05	0.013244421	-82	-523
chr10_35321030	10_35381039_G_C	10	35381039	0.216686	0.0024598	0.030962938	SINE/AluJo	intronic	CCNY	10	35321112	35321553	-0.248451	0.000128066	0.016659996	-82	-523
chr10_35321030	10_35382223_C_T	10	35382223	0.208428	0.00291939	0.035668548	SINE/AluJo	intronic	CCNY	10	35321112	35321553	-0.279138	9.06E-06	0.001700403	-82	-523
chr10_35321030	10_35382689_G_C	10	35382689	0.226408	0.0015612	0.021174412	SINE/AluJo	intronic	CCNY	10	35321112	35321553	-0.2588	6.60E-05	0.009527861	-82	-523
chr10_35321030	10_35383130_T_C	10	35383130	0.213582	0.00225319	0.028782569	SINE/AluJo	intronic	CCNY	10	35321112	35321553	-0.278354	9.17E-06	0.001718555	-82	-523
chr10_35321030	10_35384494_A_G	10	35384494	0.226408	0.0015612	0.021174412	SINE/AluJo	intronic	CCNY	10	35321112	35321553	-0.2588	6.60E-05	0.009527861	-82	-523
chr10_35321030	10_35384828_A_G	10	35384828	0.217241	0.0017747	0.023650943	SINE/AluJo	intronic	CCNY	10	35321112	35321553	-0.282857	5.89E-06	0.00116397	-82	-523
chr10_35321030	10_35386126_A_G	10	35386126	0.217241	0.0017747	0.023650943	SINE/AluJo	intronic	CCNY	10	35321112	35321553	-0.282857	5.89E-06	0.00116397	-82	-523
chr10_35321030	10_35387804_A_G	10	35387804	0.217241	0.0017747	0.023650943	SINE/AluJo	intronic	CCNY	10	35321112	35321553	-0.282857	5.89E-06	0.00116397	-82	-523
chr10_35321030	10_35389154_C_T	10	35389154	0.213582	0.00225319	0.028782569	SINE/AluJo	intronic	CCNY	10	35321112	35321553	-0.278354	9.17E-06	0.001718555	-82	-523
chr10_35321030	10_35389922_A_G	10	35389922	0.223396	0.00196084	0.02565106	SINE/AluJo	intronic	CCNY	10	35321112	35321553	-0.254495	9.73E-05	0.013244421	-82	-523
chr10_35321030	10_35390978_T_C	10	35390978	0.217241	0.0017747	0.023650943	SINE/AluJo	intronic	CCNY	10	35321112	35321553	-0.282857	5.89E-06	0.00116397	-82	-523
chr10_35321030	10_35391976_A_C	10	35391976	0.213582	0.00225319	0.028782569	SINE/AluJo	intronic	CCNY	10	35321112	35321553	-0.278354	9.17E-06	0.001718555	-82	-523
chr10_35321030	10_35395456_T_C	10	35395456	0.217241	0.0017747	0.023650943	SINE/AluJo	intronic	CCNY	10	35321112	35321553	-0.282857	5.89E-06	0.00116397	-82	-523
chr10_35321030	10_35396248_A_G	10	35396248	0.226408	0.0015612	0.021174412	SINE/AluJo	intronic	CCNY	10	35321112	35321553	-0.2588	6.60E-05	0.009527861	-82	-523
chr10_35321030	10_35396836_C_T	10	35396836	0.226408	0.0015612	0.021174412	SINE/AluJo	intronic	CCNY	10	35321112	35321553	-0.2588	6.60E-05	0.009527861	-82	-523
chr10_35321030	10_35402781_G_A	10	35402781	0.213582	0.00225319	0.028782569	SINE/AluJo	intronic	CCNY	10	35321112	35321553	-0.278354	9.17E-06	0.001718555	-82	-523
chr10_35321030	10_35404628_A_G	10	35404628	0.217241	0.0017747	0.023650943	SINE/AluJo	intronic	CCNY	10	35321112	35321553	-0.282857	5.89E-06	0.00116397	-82	-523
chr10_35321030	10_35404678_T_C	10	35404678	0.217241	0.0017747	0.023650943	SINE/AluJo	intronic	CCNY	10	35321112	35321553	-0.282857	5.89E-06	0.00116397	-82	-523
chr10_35321030	10_35405423_G_A	10	35405423	0.217241	0.0017747	0.023650943	SINE/AluJo	intronic	CCNY	10	35321112	35321553	-0.282857	5.89E-06	0.00116397	-82	-523
chr10_35321030	10_35405815_A_G	10	35405815	0.226408	0.0015612	0.021174412	SINE/AluJo	intronic	CCNY	10	35321112	35321553	-0.2588	6.60E-05	0.009527861	-82	-523
chr10_35321030	10_35406456_G_A	10	35406456	0.226408	0.0015612	0.021174412	SINE/AluJo	intronic	CCNY	10	35321112	35321553	-0.261714	5.37E-05	0.007986482	-82	-523
chr10_35321030	10_35407893_G_A	10	35407893	0.213582	0.00225319	0.028782569	SINE/AluJo	intronic	CCNY	10	35321112	35321553	-0.278354	9.17E-06	0.001718555	-82	-523
chr10_35321030	10_35408156_C_T	10	35408156	0.213582	0.00225319	0.028782569	SINE/AluJo	intronic	CCNY	10	35321112	35321553	-0.278354	9.17E-06	0.001718555	-82	-523
chr10_35321030	10_35410242_G_T	10	35410242	0.223396	0.00196084	0.02565106	SINE/AluJo	intronic	CCNY	10	35321112	35321553	-0.257465	7.95E-05	0.011159801	-82	-523
chr10_35321030	10_35410796_A_T	10	35410796	0.226408	0.0015612	0.021174412	SINE/AluJo	intronic	CCNY	10	35321112	35321553	-0.2588	6.60E-05	0.009527861	-82	-523
chr10_35321030	10_35410946_A_G	10	35410946	0.226408	0.0015612	0.021174412	SINE/AluJo	intronic	CCNY	10	35321112	35321553	-0.2588	6.60E-05	0.009527861	-82	-523
chr10_35321030	10_35411822_G_A	10	35411822	0.217241	0.0017747	0.023650943	SINE/AluJo	intronic	CCNY	10	35321112	35321553	-0.282857	5.89E-06	0.00116397	-82	-523
chr10_35321030	10_35411907_C_T	10	35411907	0.226408	0.0015612	0.021174412	SINE/AluJo	intronic	CCNY	10	35321112	35321553	-0.2588	6.60E-05	0.009527861	-82	-523
chr10_35321030	10_35412848_G_A	10	35412848	0.215316	0.00278357	0.034320907	SINE/AluJo	intronic	CCNY	10	35321112	35321553	-0.246606	0.000155335	0.019563007	-82	-523
chr10_35321030	10_35412932_T_C	10	35412932	0.213582	0.00225319	0.028782569	SINE/AluJo	intronic	CCNY	10	35321112	35321553	-0.278354	9.17E-06	0.001718555	-82	-523
chr10_35321030	10_35413030_T_C	10	35413030	0.213582	0.00225319	0.028782569	SINE/AluJo	intronic	CCNY	10	35321112	35321553	-0.278354	9.17E-06	0.001718555	-82	-523
chr10_35321030	10_35414026_A_C	10	35414026	0.217241	0.0017747	0.023650943	SINE/AluJo	intronic	CCNY	10	35321112	35321553	-0.282857	5.89E-06	0.00116397	-82	-523
chr10_35321030	10_35414346_A_C	10	35414346	0.226408	0.0015612	0.021174412	SINE/AluJo	intronic	CCNY	10	35321112	35321553	-0.2588	6.60E-05	0.009527861	-82	-523
chr10_35321030	10_35418068_G_A	10	35418068	0.213582	0.00225319	0.028782569	SINE/AluJo	intronic	CCNY	10	35321112	35321553	-0.278354	9.17E-06	0.001718555	-82	-523
chr10_35321030	10_35278199_T_C	10	35278199	0.20882	0.00275412	0.034004832	SINE/AluJo	intronic	CCNY	10	35316409	35320856	-0.246841	9.34E-05	0.0127976	4621	174
chr10_35321030	10_35280678_T_C	10	35280678	0.20882	0.00275412	0.034004832	SINE/AluJo	intronic	CCNY	10	35316409	35320856	-0.246841	9.34E-05	0.0127976	4621	174
chr10_35321030	10_35286527_C_T	10	35286527	0.200803	0.0040034	0.046200848	SINE/AluJo	intronic	CCNY	10	35316409	35320856	-0.240085	0.000142994	0.018263724	4621	174
chr10_35321030	10_35286779_T_C	10	35286779	0.200803	0.0040034	0.046200848	SINE/AluJo	intronic	CCNY	10	35316409	35320856	-0.240085	0.000142994	0.018263724	4621	174
chr10_35321030	10_35292568_T_C	10	35292568	0.205848	0.00306123	0.037107312	SINE/AluJo	intronic	CCNY	10	35316409	35320856	-0.232441	0.000219648	0.026025493	4621	174
chr10_35321030	10_35313967_G_C	10	35313967	0.218361	0.00174448	0.023302861	SINE/AluJo	intronic	CCNY	10	35316409	35320856	-0.249755	6.89E-05	0.009885551	4621	174
chr10_35321030	10_35331531_A_T	10	35331531	0.218361	0.00174448	0.023302861	SINE/AluJo	intronic	CCNY	10	35316409	35320856	-0.249755	6.89E-05	0.009885551	4621	174
chr10_35321030	10_35352643_G_A	10	35352643	0.217241	0.0017747	0.023650943	SINE/AluJo	intronic	CCNY	10	35316409	35320856	-0.247609	7.59E-05	0.010731727	4621	174
chr10_35321030	10_35364297_A_G	10	35364297	0.217241	0.0017747	0.023650943	SINE/AluJo	intronic	CCNY	10	35316409	35320856	-0.247609	7.59E-05	0.010731727	4621	174
chr10_35321030	10_35375528_A_G	10	35375528	0.217241	0.0017747	0.023650943	SINE/AluJo	intronic	CCNY	10	35316409	35320856	-0.247609	7.59E-05	0.010731727	4621	174
chr10_35321030	10_35382223_C_T	10	35382223	0.208428	0.00291939	0.035668548	SINE/AluJo	intronic	CCNY	10	35316409	35320856	-0.25158	6.51E-05	0.00942332	4621	174
chr10_35321030	10_35383130_T_C	10	35383130	0.213582	0.00225319	0.028782569	SINE/AluJo	intronic	CCNY	10	35316409	35320856	-0.254216	5.23E-05	0.007807353	4621	174
chr10_35321030	10_35384828_A_G	10	35384828	0.217241	0.0017747	0.023650943	SINE/AluJo	intronic	CCNY	10	35316409	35320856	-0.247609	7.59E-05	0.010731727	4621	174
chr10_35321030	10_35386126_A_G	10	35386126	0.217241	0.0017747	0.023650943	SINE/AluJo	intronic	CCNY	10	35316409	35320856	-0.247609	7.59E-05	0.010731727	4621	174
chr10_35321030	10_35387804_A_G	10	35387804	0.217241	0.0017747	0.023650943	SINE/AluJo	intronic	CCNY	10	35316409	35320856	-0.247609	7.59E-05	0.010731727	4621	174
chr10_35321030	10_35389154_C_T	10	35389154	0.213582	0.00225319	0.028782569	SINE/AluJo	intronic	CCNY	10	35316409	35320856	-0.254216	5.23E-05	0.007807353	4621	174
chr10_35321030	10_35390978_T_C	10	35390978	0.217241	0.0017747	0.023650943	SINE/AluJo	intronic	CCNY	10	35316409	35320856	-0.247609	7.59E-05	0.010731727	4621	174
chr10_35321030	10_35391976_A_C	10	35391976	0.213582	0.00225319	0.028782569	SINE/AluJo	intronic	CCNY	10	35316409	35320856	-0.254216	5.23E-05	0.007807353	4621	174
chr10_35321030	10_35395456_T_C	10	35395456	0.217241	0.0017747	0.023650943	SINE/AluJo	intronic	CCNY	10	35316409	35320856	-0.247609	7.59E-05	0.010731727	4621	174
chr10_35321030	10_35402781_G_A	10	35402781	0.213582	0.00225319	0.028782569	SINE/AluJo	intronic	CCNY	10	35316409	35320856	-0.254216	5.23E-05	0.007807353	4621	174
chr10_35321030	10_35404628_A_G	10	35404628	0.217241	0.0017747	0.023650943	SINE/AluJo	intronic	CCNY	10	35316409	35320856	-0.247609	7.59E-05	0.010731727	4621	174
chr10_35321030	10_35404678_T_C	10	35404678	0.217241	0.0017747	0.023650943	SINE/AluJo	intronic	CCNY	10	35316409	35320856	-0.247609	7.59E-05	0.010731727	4621	174
chr10_35321030	10_35405423_G_A	10	35405423	0.217241	0.0017747	0.023650943	SINE/AluJo	intronic	CCNY	10	35316409	35320856	-0.247609	7.59E-05	0.010731727	4621	174
chr10_35321030	10_35407893_G_A	10	35407893	0.213582	0.00225319	0.028782569	SINE/AluJo	intronic	CCNY	10	35316409	35320856	-0.254216	5.23E-05	0.007807353	4621	174
chr10_35321030	10_35408156_C_T	10	35408156	0.213582	0.00225319	0.028782569	SINE/AluJo	intronic	CCNY	10	35316409	35320856	-0.254216	5.23E-05	0.007807353	4621	174
chr10_35321030	10_35411822_G_A	10	35411822	0.217241	0.0017747	0.023650943	SINE/AluJo	intronic	CCNY	10	35316409	35320856	-0.247609	7.59E-05	0.010731727	4621	174
chr10_35321030	10_35412932_T_C	10	35412932	0.213582	0.00225319	0.028782569	SINE/AluJo	intronic	CCNY	10	35316409	35320856	-0.254216	5.23E-05	0.007807353	4621	174
chr10_35321030	10_35413030_T_C	10	35413030	0.213582	0.00225319	0.028782569	SINE/AluJo	intronic	CCNY	10	35316409	35320856	-0.254216	5.23E-05	0.007807353	4621	174
chr10_35321030	10_35414026_A_C	10	35414026	0.217241	0.0017747	0.023650943	SINE/AluJo	intronic	CCNY	10	35316409	35320856	-0.247609	7.59E-05	0.010731727	4621	174
chr10_35321030	10_35418068_G_A	10	35418068	0.213582	0.00225319	0.028782569	SINE/AluJo	intronic	CCNY	10	35316409	35320856	-0.254216	5.23E-05	0.007807353	4621	174
chr10_35321030	10_35221661_C_T	10	35221661	0.291363	0.000290127	0.004972787	SINE/AluJo	intronic	CCNY	10	35299259	35320856	-0.522482	3.94E-13	2.82E-10	21771	174
chr10_35321030	10_35221894_T_C	10	35221894	0.304419	3.06E-05	0.000689397	SINE/AluJo	intronic	CCNY	10	35299259	35320856	-0.407933	5.57E-10	2.50E-07	21771	174
chr10_35321030	10_35222966_C_T	10	35222966	0.270312	0.000225541	0.003996423	SINE/AluJo	intronic	CCNY	10	35299259	35320856	-0.43794	2.33E-11	1.28E-08	21771	174
chr10_35321030	10_35223871_T_C	10	35223871	0.296256	4.98E-05	0.001063406	SINE/AluJo	intronic	CCNY	10	35299259	35320856	-0.411692	3.76E-10	1.73E-07	21771	174
chr10_35321030	10_35224379_T_C	10	35224379	0.296256	4.98E-05	0.001063406	SINE/AluJo	intronic	CCNY	10	35299259	35320856	-0.411692	3.76E-10	1.73E-07	21771	174
chr10_35321030	10_35224388_A_C	10	35224388	0.296256	4.98E-05	0.001063406	SINE/AluJo	intronic	CCNY	10	35299259	35320856	-0.411692	3.76E-10	1.73E-07	21771	174
chr10_35321030	10_35224395_G_A	10	35224395	0.291363	0.000290127	0.004972787	SINE/AluJo	intronic	CCNY	10	35299259	35320856	-0.522482	3.94E-13	2.82E-10	21771	174
chr10_35321030	10_35225373_C_T	10	35225373	0.291363	0.000290127	0.004972787	SINE/AluJo	intronic	CCNY	10	35299259	35320856	-0.522482	3.94E-13	2.82E-10	21771	174
chr10_35321030	10_35225399_C_T	10	35225399	0.284314	0.000405288	0.006673877	SINE/AluJo	intronic	CCNY	10	35299259	35320856	-0.51432	9.23E-13	6.25E-10	21771	174
chr10_35321030	10_35227971_T_G	10	35227971	0.239032	0.00123164	0.017381372	SINE/AluJo	intronic	CCNY	10	35299259	35320856	-0.391899	3.65E-09	1.44E-06	21771	174
chr10_35321030	10_35227985_T_A	10	35227985	0.228205	0.00236596	0.029967596	SINE/AluJo	intronic	CCNY	10	35299259	35320856	-0.370844	4.05E-08	1.31E-05	21771	174
chr10_35321030	10_35227993_A_C	10	35227993	0.219906	0.00375071	0.043866005	SINE/AluJo	intronic	CCNY	10	35299259	35320856	-0.346903	3.68E-07	9.85E-05	21771	174
chr10_35321030	10_35228306_T_C	10	35228306	0.27881	0.000127266	0.002452047	SINE/AluJo	intronic	CCNY	10	35299259	35320856	-0.393687	1.80E-09	7.45E-07	21771	174
chr10_35321030	10_35228337_C_G	10	35228337	0.27881	0.000127266	0.002452047	SINE/AluJo	intronic	CCNY	10	35299259	35320856	-0.393687	1.80E-09	7.45E-07	21771	174
chr10_35321030	10_35229048_A_G	10	35229048	0.27881	0.000127266	0.002452047	SINE/AluJo	intronic	CCNY	10	35299259	35320856	-0.393687	1.80E-09	7.45E-07	21771	174
chr10_35321030	10_35229101_A_G	10	35229101	0.27881	0.000127266	0.002452047	SINE/AluJo	intronic	CCNY	10	35299259	35320856	-0.393687	1.80E-09	7.45E-07	21771	174
chr10_35321030	10_35229135_A_G	10	35229135	0.286615	8.05E-05	0.001646511	SINE/AluJo	intronic	CCNY	10	35299259	35320856	-0.399275	1.02E-09	4.39E-07	21771	174
chr10_35321030	10_35238615_T_C	10	35238615	0.232022	0.00152758	0.02077089	SINE/AluJo	intronic	CCNY	10	35299259	35320856	-0.460226	1.98E-12	1.28E-09	21771	174
chr10_35321030	10_35240186_A_G	10	35240186	0.228294	0.00177545	0.023660244	SINE/AluJo	intronic	CCNY	10	35299259	35320856	-0.448553	6.54E-12	3.92E-09	21771	174
chr10_35321030	10_35241532_G_A	10	35241532	0.266267	0.000258984	0.004513015	SINE/AluJo	intronic	CCNY	10	35299259	35320856	-0.426747	8.06E-11	4.11E-08	21771	174
chr10_35321030	10_35246497_G_A	10	35246497	0.247958	0.000704998	0.010700622	SINE/AluJo	intronic	CCNY	10	35299259	35320856	-0.446065	1.00E-11	5.84E-09	21771	174
chr10_35321030	10_35246767_A_G	10	35246767	0.282063	0.000108069	0.002127625	SINE/AluJo	intronic	CCNY	10	35299259	35320856	-0.412408	3.60E-10	1.66E-07	21771	174
chr10_35321030	10_35249193_A_C	10	35249193	0.247958	0.000704998	0.010700622	SINE/AluJo	intronic	CCNY	10	35299259	35320856	-0.446065	1.00E-11	5.84E-09	21771	174
chr10_35321030	10_35249755_G_A	10	35249755	0.247958	0.000704998	0.010700622	SINE/AluJo	intronic	CCNY	10	35299259	35320856	-0.446065	1.00E-11	5.84E-09	21771	174
chr10_35321030	10_35249997_T_A	10	35249997	0.247958	0.000704998	0.010700622	SINE/AluJo	intronic	CCNY	10	35299259	35320856	-0.446065	1.00E-11	5.84E-09	21771	174
chr10_35321030	10_35250142_T_C	10	35250142	0.247958	0.000704998	0.010700622	SINE/AluJo	intronic	CCNY	10	35299259	35320856	-0.446065	1.00E-11	5.84E-09	21771	174
chr10_35321030	10_35251206_A_G	10	35251206	0.247958	0.000704998	0.010700622	SINE/AluJo	intronic	CCNY	10	35299259	35320856	-0.446065	1.00E-11	5.84E-09	21771	174
chr10_35321030	10_35251392_A_C	10	35251392	0.247958	0.000704998	0.010700622	SINE/AluJo	intronic	CCNY	10	35299259	35320856	-0.446065	1.00E-11	5.84E-09	21771	174
chr10_35321030	10_35251484_T_A	10	35251484	0.266275	0.000848106	0.012526848	SINE/AluJo	intronic	CCNY	10	35299259	35320856	-0.53793	6.90E-14	5.46E-11	21771	174
chr10_35321030	10_35252098_C_A	10	35252098	0.247958	0.000704998	0.010700622	SINE/AluJo	intronic	CCNY	10	35299259	35320856	-0.446065	1.00E-11	5.84E-09	21771	174
chr10_35321030	10_35252633_T_A	10	35252633	0.247958	0.000704998	0.010700622	SINE/AluJo	intronic	CCNY	10	35299259	35320856	-0.446065	1.00E-11	5.84E-09	21771	174
chr10_35321030	10_35252704_C_A	10	35252704	0.247958	0.000704998	0.010700622	SINE/AluJo	intronic	CCNY	10	35299259	35320856	-0.446065	1.00E-11	5.84E-09	21771	174
chr10_35321030	10_35252760_T_C	10	35252760	0.247958	0.000704998	0.010700622	SINE/AluJo	intronic	CCNY	10	35299259	35320856	-0.446065	1.00E-11	5.84E-09	21771	174
chr10_35321030	10_35252912_A_G	10	35252912	0.247958	0.000704998	0.010700622	SINE/AluJo	intronic	CCNY	10	35299259	35320856	-0.446065	1.00E-11	5.84E-09	21771	174
chr10_35321030	10_35253054_C_T	10	35253054	0.247958	0.000704998	0.010700622	SINE/AluJo	intronic	CCNY	10	35299259	35320856	-0.446065	1.00E-11	5.84E-09	21771	174
chr10_35321030	10_35253210_A_T	10	35253210	0.247958	0.000704998	0.010700622	SINE/AluJo	intronic	CCNY	10	35299259	35320856	-0.446065	1.00E-11	5.84E-09	21771	174
chr10_35321030	10_35253534_T_A	10	35253534	0.247958	0.000704998	0.010700622	SINE/AluJo	intronic	CCNY	10	35299259	35320856	-0.446065	1.00E-11	5.84E-09	21771	174
chr10_35321030	10_35253682_G_T	10	35253682	0.247958	0.000704998	0.010700622	SINE/AluJo	intronic	CCNY	10	35299259	35320856	-0.446065	1.00E-11	5.84E-09	21771	174
chr10_35321030	10_35253829_T_C	10	35253829	0.247958	0.000704998	0.010700622	SINE/AluJo	intronic	CCNY	10	35299259	35320856	-0.446065	1.00E-11	5.84E-09	21771	174
chr10_35321030	10_35254986_T_C	10	35254986	0.247958	0.000704998	0.010700622	SINE/AluJo	intronic	CCNY	10	35299259	35320856	-0.446065	1.00E-11	5.84E-09	21771	174
chr10_35321030	10_35255066_C_T	10	35255066	0.247958	0.000704998	0.010700622	SINE/AluJo	intronic	CCNY	10	35299259	35320856	-0.446065	1.00E-11	5.84E-09	21771	174
chr10_35321030	10_35255390_G_A	10	35255390	0.247958	0.000704998	0.010700622	SINE/AluJo	intronic	CCNY	10	35299259	35320856	-0.446065	1.00E-11	5.84E-09	21771	174
chr10_35321030	10_35255523_T_C	10	35255523	0.247958	0.000704998	0.010700622	SINE/AluJo	intronic	CCNY	10	35299259	35320856	-0.446065	1.00E-11	5.84E-09	21771	174
chr10_35321030	10_35256358_G_A	10	35256358	0.247958	0.000704998	0.010700622	SINE/AluJo	intronic	CCNY	10	35299259	35320856	-0.446065	1.00E-11	5.84E-09	21771	174
chr10_35321030	10_35256709_C_T	10	35256709	0.256376	0.000457978	0.007452705	SINE/AluJo	intronic	CCNY	10	35299259	35320856	-0.453418	4.42E-12	2.71E-09	21771	174
chr10_35321030	10_35256733_A_G	10	35256733	0.227382	0.00404179	0.046585675	SINE/AluJo	intronic	CCNY	10	35299259	35320856	-0.556032	2.96E-15	2.76E-12	21771	174
chr10_35321030	10_35257403_G_C	10	35257403	0.26466	0.000281526	0.004852075	SINE/AluJo	intronic	CCNY	10	35299259	35320856	-0.445039	9.79E-12	5.70E-09	21771	174
chr10_35321030	10_35257683_C_T	10	35257683	0.262349	0.000315831	0.005367214	SINE/AluJo	intronic	CCNY	10	35299259	35320856	-0.446459	8.13E-12	4.80E-09	21771	174
chr10_35321030	10_35257931_T_G	10	35257931	0.262349	0.000315831	0.005367214	SINE/AluJo	intronic	CCNY	10	35299259	35320856	-0.446459	8.13E-12	4.80E-09	21771	174
chr10_35321030	10_35257969_G_C	10	35257969	0.274218	0.000581935	0.009121463	SINE/AluJo	intronic	CCNY	10	35299259	35320856	-0.531619	1.36E-13	1.03E-10	21771	174
chr10_35321030	10_35258213_C_T	10	35258213	0.262349	0.000315831	0.005367214	SINE/AluJo	intronic	CCNY	10	35299259	35320856	-0.446459	8.13E-12	4.80E-09	21771	174
chr10_35321030	10_35258247_A_G	10	35258247	0.262349	0.000315831	0.005367214	SINE/AluJo	intronic	CCNY	10	35299259	35320856	-0.446459	8.13E-12	4.80E-09	21771	174
chr10_35321030	10_35258319_G_A	10	35258319	0.274218	0.000581935	0.009121463	SINE/AluJo	intronic	CCNY	10	35299259	35320856	-0.531619	1.36E-13	1.03E-10	21771	174
chr10_35321030	10_35258326_T_C	10	35258326	0.253267	0.000537923	0.008569293	SINE/AluJo	intronic	CCNY	10	35299259	35320856	-0.448278	7.86E-12	4.65E-09	21771	174
chr10_35321030	10_35258452_A_G	10	35258452	0.262349	0.000315831	0.005367214	SINE/AluJo	intronic	CCNY	10	35299259	35320856	-0.446459	8.13E-12	4.80E-09	21771	174
chr10_35321030	10_35258667_A_G	10	35258667	0.262349	0.000315831	0.005367214	SINE/AluJo	intronic	CCNY	10	35299259	35320856	-0.446459	8.13E-12	4.80E-09	21771	174
chr10_35321030	10_35258734_A_G	10	35258734	0.262349	0.000315831	0.005367214	SINE/AluJo	intronic	CCNY	10	35299259	35320856	-0.446459	8.13E-12	4.80E-09	21771	174
chr10_35321030	10_35259143_G_A	10	35259143	0.262349	0.000315831	0.005367214	SINE/AluJo	intronic	CCNY	10	35299259	35320856	-0.446459	8.13E-12	4.80E-09	21771	174
chr10_35321030	10_35259171_G_A	10	35259171	0.262349	0.000315831	0.005367214	SINE/AluJo	intronic	CCNY	10	35299259	35320856	-0.446459	8.13E-12	4.80E-09	21771	174
chr10_35321030	10_35259426_G_A	10	35259426	0.262349	0.000315831	0.005367214	SINE/AluJo	intronic	CCNY	10	35299259	35320856	-0.446459	8.13E-12	4.80E-09	21771	174
chr10_35321030	10_35259652_A_G	10	35259652	0.2703	0.000207013	0.00372268	SINE/AluJo	intronic	CCNY	10	35299259	35320856	-0.445526	9.27E-12	5.43E-09	21771	174
chr10_35321030	10_35260117_C_T	10	35260117	0.262349	0.000315831	0.005367214	SINE/AluJo	intronic	CCNY	10	35299259	35320856	-0.446459	8.13E-12	4.80E-09	21771	174
chr10_35321030	10_35260290_C_T	10	35260290	0.262349	0.000315831	0.005367214	SINE/AluJo	intronic	CCNY	10	35299259	35320856	-0.446459	8.13E-12	4.80E-09	21771	174
chr10_35321030	10_35260329_G_A	10	35260329	0.262349	0.000315831	0.005367214	SINE/AluJo	intronic	CCNY	10	35299259	35320856	-0.446459	8.13E-12	4.80E-09	21771	174
chr10_35321030	10_35260678_A_C	10	35260678	0.262349	0.000315831	0.005367214	SINE/AluJo	intronic	CCNY	10	35299259	35320856	-0.446459	8.13E-12	4.80E-09	21771	174
chr10_35321030	10_35260820_G_C	10	35260820	0.262349	0.000315831	0.005367214	SINE/AluJo	intronic	CCNY	10	35299259	35320856	-0.446459	8.13E-12	4.80E-09	21771	174
chr10_35321030	10_35260868_C_T	10	35260868	0.25381	0.000491436	0.007899328	SINE/AluJo	intronic	CCNY	10	35299259	35320856	-0.444875	9.44E-12	5.52E-09	21771	174
chr10_35321030	10_35260889_T_C	10	35260889	0.262349	0.000315831	0.005367214	SINE/AluJo	intronic	CCNY	10	35299259	35320856	-0.446459	8.13E-12	4.80E-09	21771	174
chr10_35321030	10_35261347_G_C	10	35261347	0.262349	0.000315831	0.005367214	SINE/AluJo	intronic	CCNY	10	35299259	35320856	-0.446459	8.13E-12	4.80E-09	21771	174
chr10_35321030	10_35261366_A_T	10	35261366	0.262349	0.000315831	0.005367214	SINE/AluJo	intronic	CCNY	10	35299259	35320856	-0.446459	8.13E-12	4.80E-09	21771	174
chr10_35321030	10_35261385_A_G	10	35261385	0.262349	0.000315831	0.005367214	SINE/AluJo	intronic	CCNY	10	35299259	35320856	-0.446459	8.13E-12	4.80E-09	21771	174
chr10_35321030	10_35261395_T_A	10	35261395	0.262349	0.000315831	0.005367214	SINE/AluJo	intronic	CCNY	10	35299259	35320856	-0.446459	8.13E-12	4.80E-09	21771	174
chr10_35321030	10_35261469_C_T	10	35261469	0.227382	0.00404179	0.046585675	SINE/AluJo	intronic	CCNY	10	35299259	35320856	-0.556032	2.96E-15	2.76E-12	21771	174
chr10_35321030	10_35261713_T_A	10	35261713	0.262349	0.000315831	0.005367214	SINE/AluJo	intronic	CCNY	10	35299259	35320856	-0.446459	8.13E-12	4.80E-09	21771	174
chr10_35321030	10_35262597_T_C	10	35262597	0.262349	0.000315831	0.005367214	SINE/AluJo	intronic	CCNY	10	35299259	35320856	-0.446459	8.13E-12	4.80E-09	21771	174
chr10_35321030	10_35262639_G_T	10	35262639	0.262349	0.000315831	0.005367214	SINE/AluJo	intronic	CCNY	10	35299259	35320856	-0.446459	8.13E-12	4.80E-09	21771	174
chr10_35321030	10_35262887_T_C	10	35262887	0.262349	0.000315831	0.005367214	SINE/AluJo	intronic	CCNY	10	35299259	35320856	-0.446459	8.13E-12	4.80E-09	21771	174
chr10_35321030	10_35263085_G_A	10	35263085	0.264588	0.0002774	0.004794962	SINE/AluJo	intronic	CCNY	10	35299259	35320856	-0.444443	1.20E-11	6.90E-09	21771	174
chr10_35321030	10_35263104_A_C	10	35263104	0.275906	0.000145653	0.002759318	SINE/AluJo	intronic	CCNY	10	35299259	35320856	-0.450364	5.90E-12	3.55E-09	21771	174
chr10_35321030	10_35263121_G_C	10	35263121	0.270748	0.000190878	0.00346363	SINE/AluJo	intronic	CCNY	10	35299259	35320856	-0.443415	1.71E-11	9.62E-09	21771	174
chr10_35321030	10_35263144_T_C	10	35263144	0.292347	6.68E-05	0.001395898	SINE/AluJo	intronic	CCNY	10	35299259	35320856	-0.442122	3.81E-11	2.03E-08	21771	174
chr10_35321030	10_35263148_G_A	10	35263148	0.296529	5.70E-05	0.001205307	SINE/AluJo	intronic	CCNY	10	35299259	35320856	-0.443858	3.17E-11	1.71E-08	21771	174
chr10_35321030	10_35263230_T_G	10	35263230	0.260473	0.000357264	0.00597066	SINE/AluJo	intronic	CCNY	10	35299259	35320856	-0.415304	2.43E-10	1.15E-07	21771	174
chr10_35321030	10_35263503_C_T	10	35263503	0.262349	0.000315831	0.005367214	SINE/AluJo	intronic	CCNY	10	35299259	35320856	-0.446459	8.13E-12	4.80E-09	21771	174
chr10_35321030	10_35263720_G_C	10	35263720	0.262349	0.000315831	0.005367214	SINE/AluJo	intronic	CCNY	10	35299259	35320856	-0.446459	8.13E-12	4.80E-09	21771	174
chr10_35321030	10_35263750_C_T	10	35263750	0.262349	0.000315831	0.005367214	SINE/AluJo	intronic	CCNY	10	35299259	35320856	-0.446459	8.13E-12	4.80E-09	21771	174
chr10_35321030	10_35264909_C_T	10	35264909	0.262349	0.000315831	0.005367214	SINE/AluJo	intronic	CCNY	10	35299259	35320856	-0.446459	8.13E-12	4.80E-09	21771	174
chr10_35321030	10_35265092_C_G	10	35265092	0.262349	0.000315831	0.005367214	SINE/AluJo	intronic	CCNY	10	35299259	35320856	-0.446459	8.13E-12	4.80E-09	21771	174
chr10_35321030	10_35265126_T_G	10	35265126	0.262349	0.000315831	0.005367214	SINE/AluJo	intronic	CCNY	10	35299259	35320856	-0.446459	8.13E-12	4.80E-09	21771	174
chr10_35321030	10_35266019_G_A	10	35266019	0.274218	0.000581935	0.009121463	SINE/AluJo	intronic	CCNY	10	35299259	35320856	-0.531619	1.36E-13	1.03E-10	21771	174
chr10_35321030	10_35266224_T_C	10	35266224	0.24697	0.00169616	0.022740259	SINE/AluJo	intronic	CCNY	10	35299259	35320856	-0.52734	1.05E-13	8.11E-11	21771	174
chr10_35321030	10_35266871_A_G	10	35266871	0.285722	0.000333913	0.005643696	SINE/AluJo	intronic	CCNY	10	35299259	35320856	-0.532337	1.23E-13	9.39E-11	21771	174
chr10_35321030	10_35268371_C_T	10	35268371	0.212905	0.00283195	0.03483428	SINE/AluJo	intronic	CCNY	10	35299259	35320856	-0.72339	2.20E-32	9.08E-29	21771	174
chr10_35321030	10_35270263_T_C	10	35270263	0.229607	0.00102544	0.014837595	SINE/AluJo	intronic	CCNY	10	35299259	35320856	-0.73946	7.42E-36	3.80E-32	21771	174
chr10_35321030	10_35270913_A_G	10	35270913	0.22356	0.00141174	0.01943373	SINE/AluJo	intronic	CCNY	10	35299259	35320856	-0.740029	7.64E-36	3.91E-32	21771	174
chr10_35321030	10_35271101_T_C	10	35271101	0.218654	0.0018224	0.024088894	SINE/AluJo	intronic	CCNY	10	35299259	35320856	-0.736224	2.30E-35	1.15E-31	21771	174
chr10_35321030	10_35271661_C_T	10	35271661	0.202538	0.00440089	0.049867685	SINE/AluJo	intronic	CCNY	10	35299259	35320856	-0.737154	9.57E-34	4.28E-30	21771	174
chr10_35321030	10_35277295_C_T	10	35277295	0.20522	0.00438362	0.049698008	SINE/AluJo	intronic	CCNY	10	35299259	35320856	-0.745241	1.08E-33	4.82E-30	21771	174
chr10_35321030	10_35278199_T_C	10	35278199	0.20882	0.00275412	0.034004832	SINE/AluJo	intronic	CCNY	10	35299259	35320856	-0.777068	7.10E-40	4.47E-36	21771	174
chr10_35321030	10_35280678_T_C	10	35280678	0.20882	0.00275412	0.034004832	SINE/AluJo	intronic	CCNY	10	35299259	35320856	-0.777068	7.10E-40	4.47E-36	21771	174
chr10_35321030	10_35281830_T_G	10	35281830	0.208039	0.00371499	0.04353	SINE/AluJo	intronic	CCNY	10	35299259	35320856	-0.743321	8.99E-34	4.02E-30	21771	174
chr10_35321030	10_35285384_A_T	10	35285384	0.212232	0.00292147	0.035689531	SINE/AluJo	intronic	CCNY	10	35299259	35320856	-0.762974	3.73E-36	1.93E-32	21771	174
chr10_35321030	10_35286527_C_T	10	35286527	0.200803	0.0040034	0.046200848	SINE/AluJo	intronic	CCNY	10	35299259	35320856	-0.782581	1.28E-40	8.26E-37	21771	174
chr10_35321030	10_35286645_C_T	10	35286645	0.212232	0.00292147	0.035689531	SINE/AluJo	intronic	CCNY	10	35299259	35320856	-0.762974	3.73E-36	1.93E-32	21771	174
chr10_35321030	10_35286779_T_C	10	35286779	0.200803	0.0040034	0.046200848	SINE/AluJo	intronic	CCNY	10	35299259	35320856	-0.782581	1.28E-40	8.26E-37	21771	174
chr10_35321030	10_35292568_T_C	10	35292568	0.205848	0.00306123	0.037107312	SINE/AluJo	intronic	CCNY	10	35299259	35320856	-0.770388	1.47E-39	9.11E-36	21771	174
chr10_35321030	10_35295457_C_T	10	35295457	0.20752	0.0037446	0.043803562	SINE/AluJo	intronic	CCNY	10	35299259	35320856	-0.752378	7.97E-35	3.81E-31	21771	174
chr10_35321030	10_35298637_C_T	10	35298637	0.208017	0.00368989	0.043363314	SINE/AluJo	intronic	CCNY	10	35299259	35320856	-0.758879	1.92E-35	9.64E-32	21771	174
chr10_35321030	10_35313747_T_G	10	35313747	0.226135	0.00158878	0.021493783	SINE/AluJo	intronic	CCNY	10	35299259	35320856	-0.77381	3.27E-37	1.78E-33	21771	174
chr10_35321030	10_35313967_G_C	10	35313967	0.218361	0.00174448	0.023302861	SINE/AluJo	intronic	CCNY	10	35299259	35320856	-0.8	3.03E-43	2.21E-39	21771	174
chr10_35321030	10_35314566_T_G	10	35314566	0.226135	0.00158878	0.021493783	SINE/AluJo	intronic	CCNY	10	35299259	35320856	-0.77381	3.27E-37	1.78E-33	21771	174
chr10_35321030	10_35316877_G_A	10	35316877	0.226135	0.00158878	0.021493783	SINE/AluJo	intronic	CCNY	10	35299259	35320856	-0.77381	3.27E-37	1.78E-33	21771	174
chr10_35321030	10_35319642_G_A	10	35319642	0.223882	0.00171805	0.02300253	SINE/AluJo	intronic	CCNY	10	35299259	35320856	-0.768485	1.55E-36	8.15E-33	21771	174
chr10_35321030	10_35323582_C_A	10	35323582	0.226135	0.00158878	0.021493783	SINE/AluJo	intronic	CCNY	10	35299259	35320856	-0.77381	3.27E-37	1.78E-33	21771	174
chr10_35321030	10_35328794_T_C	10	35328794	0.226135	0.00158878	0.021493783	SINE/AluJo	intronic	CCNY	10	35299259	35320856	-0.77381	3.27E-37	1.78E-33	21771	174
chr10_35321030	10_35331531_A_T	10	35331531	0.218361	0.00174448	0.023302861	SINE/AluJo	intronic	CCNY	10	35299259	35320856	-0.8	3.03E-43	2.21E-39	21771	174
chr10_35321030	10_35333982_C_T	10	35333982	0.226135	0.00158878	0.021493783	SINE/AluJo	intronic	CCNY	10	35299259	35320856	-0.77381	3.27E-37	1.78E-33	21771	174
chr10_35321030	10_35335154_C_T	10	35335154	0.226135	0.00158878	0.021493783	SINE/AluJo	intronic	CCNY	10	35299259	35320856	-0.77381	3.27E-37	1.78E-33	21771	174
chr10_35321030	10_35343127_C_T	10	35343127	0.226408	0.0015612	0.021174412	SINE/AluJo	intronic	CCNY	10	35299259	35320856	-0.762564	5.00E-36	2.57E-32	21771	174
chr10_35321030	10_35345839_A_G	10	35345839	0.226408	0.0015612	0.021174412	SINE/AluJo	intronic	CCNY	10	35299259	35320856	-0.762564	5.00E-36	2.57E-32	21771	174
chr10_35321030	10_35348152_C_T	10	35348152	0.226408	0.0015612	0.021174412	SINE/AluJo	intronic	CCNY	10	35299259	35320856	-0.762564	5.00E-36	2.57E-32	21771	174
chr10_35321030	10_35348764_G_T	10	35348764	0.226408	0.0015612	0.021174412	SINE/AluJo	intronic	CCNY	10	35299259	35320856	-0.762564	5.00E-36	2.57E-32	21771	174
chr10_35321030	10_35352643_G_A	10	35352643	0.217241	0.0017747	0.023650943	SINE/AluJo	intronic	CCNY	10	35299259	35320856	-0.785029	1.10E-41	7.33E-38	21771	174
chr10_35321030	10_35354462_G_A	10	35354462	0.226408	0.0015612	0.021174412	SINE/AluJo	intronic	CCNY	10	35299259	35320856	-0.773305	7.21E-37	3.86E-33	21771	174
chr10_35321030	10_35357305_C_T	10	35357305	0.226408	0.0015612	0.021174412	SINE/AluJo	intronic	CCNY	10	35299259	35320856	-0.773305	7.21E-37	3.86E-33	21771	174
chr10_35321030	10_35359578_C_T	10	35359578	0.223396	0.00196084	0.02565106	SINE/AluJo	intronic	CCNY	10	35299259	35320856	-0.773584	1.17E-36	6.15E-33	21771	174
chr10_35321030	10_35361290_A_G	10	35361290	0.226408	0.0015612	0.021174412	SINE/AluJo	intronic	CCNY	10	35299259	35320856	-0.762564	5.00E-36	2.57E-32	21771	174
chr10_35321030	10_35364297_A_G	10	35364297	0.217241	0.0017747	0.023650943	SINE/AluJo	intronic	CCNY	10	35299259	35320856	-0.785029	1.10E-41	7.33E-38	21771	174
chr10_35321030	10_35373065_T_G	10	35373065	0.226408	0.0015612	0.021174412	SINE/AluJo	intronic	CCNY	10	35299259	35320856	-0.762564	5.00E-36	2.57E-32	21771	174
chr10_35321030	10_35373712_A_G	10	35373712	0.226408	0.0015612	0.021174412	SINE/AluJo	intronic	CCNY	10	35299259	35320856	-0.762564	5.00E-36	2.57E-32	21771	174
chr10_35321030	10_35375528_A_G	10	35375528	0.217241	0.0017747	0.023650943	SINE/AluJo	intronic	CCNY	10	35299259	35320856	-0.785029	1.10E-41	7.33E-38	21771	174
chr10_35321030	10_35375730_G_C	10	35375730	0.226408	0.0015612	0.021174412	SINE/AluJo	intronic	CCNY	10	35299259	35320856	-0.762564	5.00E-36	2.57E-32	21771	174
chr10_35321030	10_35378205_C_T	10	35378205	0.223396	0.00196084	0.02565106	SINE/AluJo	intronic	CCNY	10	35299259	35320856	-0.773584	1.17E-36	6.15E-33	21771	174
chr10_35321030	10_35381039_G_C	10	35381039	0.216686	0.0024598	0.030962938	SINE/AluJo	intronic	CCNY	10	35299259	35320856	-0.75215	5.53E-35	2.68E-31	21771	174
chr10_35321030	10_35382223_C_T	10	35382223	0.208428	0.00291939	0.035668548	SINE/AluJo	intronic	CCNY	10	35299259	35320856	-0.786056	3.66E-41	2.41E-37	21771	174
chr10_35321030	10_35382689_G_C	10	35382689	0.226408	0.0015612	0.021174412	SINE/AluJo	intronic	CCNY	10	35299259	35320856	-0.762564	5.00E-36	2.57E-32	21771	174
chr10_35321030	10_35383130_T_C	10	35383130	0.213582	0.00225319	0.028782569	SINE/AluJo	intronic	CCNY	10	35299259	35320856	-0.79329	3.02E-42	2.08E-38	21771	174
chr10_35321030	10_35384494_A_G	10	35384494	0.226408	0.0015612	0.021174412	SINE/AluJo	intronic	CCNY	10	35299259	35320856	-0.762564	5.00E-36	2.57E-32	21771	174
chr10_35321030	10_35384828_A_G	10	35384828	0.217241	0.0017747	0.023650943	SINE/AluJo	intronic	CCNY	10	35299259	35320856	-0.785029	1.10E-41	7.33E-38	21771	174
chr10_35321030	10_35386126_A_G	10	35386126	0.217241	0.0017747	0.023650943	SINE/AluJo	intronic	CCNY	10	35299259	35320856	-0.785029	1.10E-41	7.33E-38	21771	174
chr10_35321030	10_35387804_A_G	10	35387804	0.217241	0.0017747	0.023650943	SINE/AluJo	intronic	CCNY	10	35299259	35320856	-0.785029	1.10E-41	7.33E-38	21771	174
chr10_35321030	10_35389154_C_T	10	35389154	0.213582	0.00225319	0.028782569	SINE/AluJo	intronic	CCNY	10	35299259	35320856	-0.79329	3.02E-42	2.08E-38	21771	174
chr10_35321030	10_35389922_A_G	10	35389922	0.223396	0.00196084	0.02565106	SINE/AluJo	intronic	CCNY	10	35299259	35320856	-0.773584	1.17E-36	6.15E-33	21771	174
chr10_35321030	10_35390978_T_C	10	35390978	0.217241	0.0017747	0.023650943	SINE/AluJo	intronic	CCNY	10	35299259	35320856	-0.785029	1.10E-41	7.33E-38	21771	174
chr10_35321030	10_35391976_A_C	10	35391976	0.213582	0.00225319	0.028782569	SINE/AluJo	intronic	CCNY	10	35299259	35320856	-0.79329	3.02E-42	2.08E-38	21771	174
chr10_35321030	10_35395456_T_C	10	35395456	0.217241	0.0017747	0.023650943	SINE/AluJo	intronic	CCNY	10	35299259	35320856	-0.785029	1.10E-41	7.33E-38	21771	174
chr10_35321030	10_35396248_A_G	10	35396248	0.226408	0.0015612	0.021174412	SINE/AluJo	intronic	CCNY	10	35299259	35320856	-0.762564	5.00E-36	2.57E-32	21771	174
chr10_35321030	10_35396836_C_T	10	35396836	0.226408	0.0015612	0.021174412	SINE/AluJo	intronic	CCNY	10	35299259	35320856	-0.762564	5.00E-36	2.57E-32	21771	174
chr10_35321030	10_35402781_G_A	10	35402781	0.213582	0.00225319	0.028782569	SINE/AluJo	intronic	CCNY	10	35299259	35320856	-0.79329	3.02E-42	2.08E-38	21771	174
chr10_35321030	10_35404628_A_G	10	35404628	0.217241	0.0017747	0.023650943	SINE/AluJo	intronic	CCNY	10	35299259	35320856	-0.785029	1.10E-41	7.33E-38	21771	174
chr10_35321030	10_35404678_T_C	10	35404678	0.217241	0.0017747	0.023650943	SINE/AluJo	intronic	CCNY	10	35299259	35320856	-0.785029	1.10E-41	7.33E-38	21771	174
chr10_35321030	10_35405423_G_A	10	35405423	0.217241	0.0017747	0.023650943	SINE/AluJo	intronic	CCNY	10	35299259	35320856	-0.785029	1.10E-41	7.33E-38	21771	174
chr10_35321030	10_35405815_A_G	10	35405815	0.226408	0.0015612	0.021174412	SINE/AluJo	intronic	CCNY	10	35299259	35320856	-0.762564	5.00E-36	2.57E-32	21771	174
chr10_35321030	10_35406456_G_A	10	35406456	0.226408	0.0015612	0.021174412	SINE/AluJo	intronic	CCNY	10	35299259	35320856	-0.76594	1.95E-36	1.02E-32	21771	174
chr10_35321030	10_35407893_G_A	10	35407893	0.213582	0.00225319	0.028782569	SINE/AluJo	intronic	CCNY	10	35299259	35320856	-0.79329	3.02E-42	2.08E-38	21771	174
chr10_35321030	10_35408156_C_T	10	35408156	0.213582	0.00225319	0.028782569	SINE/AluJo	intronic	CCNY	10	35299259	35320856	-0.79329	3.02E-42	2.08E-38	21771	174
chr10_35321030	10_35410242_G_T	10	35410242	0.223396	0.00196084	0.02565106	SINE/AluJo	intronic	CCNY	10	35299259	35320856	-0.777025	4.45E-37	2.40E-33	21771	174
chr10_35321030	10_35410796_A_T	10	35410796	0.226408	0.0015612	0.021174412	SINE/AluJo	intronic	CCNY	10	35299259	35320856	-0.762564	5.00E-36	2.57E-32	21771	174
chr10_35321030	10_35410946_A_G	10	35410946	0.226408	0.0015612	0.021174412	SINE/AluJo	intronic	CCNY	10	35299259	35320856	-0.762564	5.00E-36	2.57E-32	21771	174
chr10_35321030	10_35411822_G_A	10	35411822	0.217241	0.0017747	0.023650943	SINE/AluJo	intronic	CCNY	10	35299259	35320856	-0.785029	1.10E-41	7.33E-38	21771	174
chr10_35321030	10_35411907_C_T	10	35411907	0.226408	0.0015612	0.021174412	SINE/AluJo	intronic	CCNY	10	35299259	35320856	-0.762564	5.00E-36	2.57E-32	21771	174
chr10_35321030	10_35412848_G_A	10	35412848	0.215316	0.00278357	0.034320907	SINE/AluJo	intronic	CCNY	10	35299259	35320856	-0.766337	4.62E-36	2.38E-32	21771	174
chr10_35321030	10_35412932_T_C	10	35412932	0.213582	0.00225319	0.028782569	SINE/AluJo	intronic	CCNY	10	35299259	35320856	-0.79329	3.02E-42	2.08E-38	21771	174
chr10_35321030	10_35413030_T_C	10	35413030	0.213582	0.00225319	0.028782569	SINE/AluJo	intronic	CCNY	10	35299259	35320856	-0.79329	3.02E-42	2.08E-38	21771	174
chr10_35321030	10_35414026_A_C	10	35414026	0.217241	0.0017747	0.023650943	SINE/AluJo	intronic	CCNY	10	35299259	35320856	-0.785029	1.10E-41	7.33E-38	21771	174
chr10_35321030	10_35414346_A_C	10	35414346	0.226408	0.0015612	0.021174412	SINE/AluJo	intronic	CCNY	10	35299259	35320856	-0.762564	5.00E-36	2.57E-32	21771	174
chr10_35321030	10_35418068_G_A	10	35418068	0.213582	0.00225319	0.028782569	SINE/AluJo	intronic	CCNY	10	35299259	35320856	-0.79329	3.02E-42	2.08E-38	21771	174