-0.248731
-0.254286
-0.253286
-0.250934
-0.250934
-0.250934
-0.250934
-0.259498
-0.259498
-0.259498
-0.259498
-0.259498
-0.260965
-0.269101
-0.287374
0.28042
0.289563
0.290111
0.300817
0.226794
0.228428
0.284666
0.296616
0.276908
0.288123
0.25335
0.245669
0.37363
0.377833
-0.230804
-0.222363
-0.255974
-0.255974
-0.256206
-0.256206
-0.247092
-0.24777
-0.274137
-0.24777
-0.24777
-0.248559
-0.24777
-0.24777
-0.274137
-0.24777
-0.24777
-0.2588
-0.2588
-0.2588
-0.2588
-0.282857
-0.258505
-0.258505
-0.254495
-0.2588
-0.282857
-0.2588
-0.2588
-0.282857
-0.2588
-0.254495
-0.248451
-0.279138
-0.2588
-0.278354
-0.2588
-0.282857
-0.282857
-0.282857
-0.278354
-0.254495
-0.282857
-0.278354
-0.282857
-0.2588
-0.2588
-0.278354
-0.282857
-0.282857
-0.282857
-0.2588
-0.261714
-0.278354
-0.278354
-0.257465
-0.2588
-0.2588
-0.282857
-0.2588
-0.246606
-0.278354
-0.278354
-0.282857
-0.2588
-0.278354
-0.246841
-0.246841
-0.240085
-0.240085
-0.232441
-0.249755
-0.249755
-0.247609
-0.247609
-0.247609
-0.25158
-0.254216
-0.247609
-0.247609
-0.247609
-0.254216
-0.247609
-0.254216
-0.247609
-0.254216
-0.247609
-0.247609
-0.247609
-0.254216
-0.254216
-0.247609
-0.254216
-0.254216
-0.247609
-0.254216
-0.522482
-0.407933
-0.43794
-0.411692
-0.411692
-0.411692
-0.522482
-0.522482
-0.51432
-0.391899
-0.370844
-0.346903
-0.393687
-0.393687
-0.393687
-0.393687
-0.399275
-0.460226
-0.448553
-0.426747
-0.446065
-0.412408
-0.446065
-0.446065
-0.446065
-0.446065
-0.446065
-0.446065
-0.53793
-0.446065
-0.446065
-0.446065
-0.446065
-0.446065
-0.446065
-0.446065
-0.446065
-0.446065
-0.446065
-0.446065
-0.446065
-0.446065
-0.446065
-0.446065
-0.453418
-0.556032
-0.445039
-0.446459
-0.446459
-0.531619
-0.446459
-0.446459
-0.531619
-0.448278
-0.446459
-0.446459
-0.446459
-0.446459
-0.446459
-0.446459
-0.445526
-0.446459
-0.446459
-0.446459
-0.446459
-0.446459
-0.444875
-0.446459
-0.446459
-0.446459
-0.446459
-0.446459
-0.556032
-0.446459
-0.446459
-0.446459
-0.446459
-0.444443
-0.450364
-0.443415
-0.442122
-0.443858
-0.415304
-0.446459
-0.446459
-0.446459
-0.446459
-0.446459
-0.446459
-0.531619
-0.52734
-0.532337
-0.72339
-0.73946
-0.740029
-0.736224
-0.737154
-0.745241
-0.777068
-0.777068
-0.743321
-0.762974
-0.782581
-0.762974
-0.782581
-0.770388
-0.752378
-0.758879
-0.77381
-0.8
-0.77381
-0.77381
-0.768485
-0.77381
-0.77381
-0.8
-0.77381
-0.77381
-0.762564
-0.762564
-0.762564
-0.762564
-0.785029
-0.773305
-0.773305
-0.773584
-0.762564
-0.785029
-0.762564
-0.762564
-0.785029
-0.762564
-0.773584
-0.75215
-0.786056
-0.762564
-0.79329
-0.762564
-0.785029
-0.785029
-0.785029
-0.79329
-0.773584
-0.785029
-0.79329
-0.785029
-0.762564
-0.762564
-0.79329
-0.785029
-0.785029
-0.785029
-0.762564
-0.76594
-0.79329
-0.79329
-0.777025
-0.762564
-0.762564
-0.785029
-0.762564
-0.766337
-0.79329
-0.79329
-0.785029
-0.762564
-0.79329
