SNP	chr	pos	GWAS_P	EQTL_P	PP_H4	BP_Mb
4_103738972_T_C	4	103738972	0.01042	0.07778	0.0194227628047567	103.738972
4_103712589_G_A	4	103712589	1.521e-05	1.087e-05	0.0133985483807682	103.712589
4_103801182_C_T	4	103801182	0.06367	0.1338	0.0121782815128682	103.801182
4_103713346_A_G	4	103713346	1.512e-05	1.087e-05	0.0114551764637687	103.713346
4_103773682_G_C	4	103773682	0.5829	0.4307	0.0113943827323463	103.773682
4_103799532_C_T	4	103799532	8.516e-06	4.301e-06	0.0113804094535226	103.799532
4_103702937_G_A	4	103702937	0.5527	0.4307	0.0112763768258269	103.702937
4_103724101_A_C	4	103724101	0.06054	0.2039	0.0111168509618929	103.724101
4_103684953_C_G	4	103684953	2.93e-05	1.134e-05	0.0108350272070286	103.684953
4_103641837_G_A	4	103641837	0.4906	0.6338	0.0108274055746681	103.641837
4_103746753_C_T	4	103746753	0.0039	3.845e-05	0.0107904883627279	103.746753
4_103731282_G_A	4	103731282	0.005441	2.201e-05	0.0106772527312551	103.731282
4_103690466_C_T	4	103690466	3.043e-05	1.479e-05	0.0106114341477955	103.690466
4_103821891_T_C	4	103821891	2.055e-05	1.913e-06	0.0105579702446683	103.821891
4_103637334_T_C	4	103637334	0.02439	0.1081	0.0104882425417289	103.637334
4_103813594_T_C	4	103813594	2.011e-05	2.312e-06	0.0103862512128852	103.813594
4_103747541_G_A	4	103747541	0.005197	2.201e-05	0.0103291342339384	103.747541
4_103766720_G_A	4	103766720	0.1746	0.4436	0.0102209405113965	103.76672
4_103701760_G_A	4	103701760	1.767e-05	8.248e-06	0.010169521583109	103.70176
4_103789810_C_A	4	103789810	1.055e-05	3.425e-06	0.0101546501908362	103.78981
4_103756076_C_T	4	103756076	9.894e-06	4.22e-06	0.0100972546445439	103.756076
4_103764209_A_G	4	103764209	1.564e-05	1.553e-06	0.0100906607333208	103.764209
4_103726954_T_C	4	103726954	0.3788	0.6615	0.00992626566109035	103.726954
4_103767339_T_G	4	103767339	1.071e-05	3.592e-06	0.00984022252050839	103.767339
4_103818734_T_C	4	103818734	3.391e-05	3.682e-06	0.00976270428991622	103.818734
4_103692900_C_A	4	103692900	0.01665	0.4892	0.00972149577122026	103.6929
4_103754591_G_C	4	103754591	1.459e-05	2.842e-06	0.00952138296256593	103.754591
4_103703999_A_G	4	103703999	0.2924	0.4307	0.00934458108578036	103.703999
4_103736988_A_C	4	103736988	0.004828	3.146e-05	0.00925796529748894	103.736988
4_103797334_G_A	4	103797334	1.458e-05	2.312e-06	0.00920145429740643	103.797334
4_103635183_T_C	4	103635183	0.02115	0.03754	0.00919052852054029	103.635183
4_103786588_G_A	4	103786588	1.08e-05	4.995e-06	0.00900655224912174	103.786588
4_103803402_A_G	4	103803402	0.3943	0.7907	0.00892941928178311	103.803402
4_103672724_T_C	4	103672724	0.7075	0.1558	0.00887482517346942	103.672724
4_103792253_G_A	4	103792253	0.556	0.0351	0.00864838641218467	103.792253
4_103727018_A_T	4	103727018	9.073e-06	4.22e-06	0.00860365978208059	103.727018
4_103726568_C_T	4	103726568	0.5107	0.124	0.00860117697777976	103.726568
4_103804194_C_T	4	103804194	0.003303	0.0002205	0.00851074604862912	103.804194
4_103813318_C_T	4	103813318	0.006373	6.419e-05	0.00850958565458418	103.813318
4_103677515_G_A	4	103677515	0.6655	0.4307	0.0084875225042147	103.677515
4_103704060_T_C	4	103704060	1.82e-05	1.043e-05	0.00848193361379752	103.70406
4_103734219_C_T	4	103734219	0.005387	2.201e-05	0.0084312905770175	103.734219
4_103719741_C_T	4	103719741	2.061e-05	7.874e-06	0.00842336239303393	103.719741
4_103799528_T_C	4	103799528	1.285e-05	2.312e-06	0.00840996013492503	103.799528
4_103768107_G_A	4	103768107	0.04488	0.5732	0.00838605747009148	103.768107
4_103744071_T_C	4	103744071	1.577e-05	2.842e-06	0.00837855650535265	103.744071
4_103747122_T_G	4	103747122	0.4287	0.2992	0.00835544402207187	103.747122
4_103733600_T_C	4	103733600	1.095e-05	4.036e-06	0.00827317933208671	103.7336
4_103658762_C_A	4	103658762	0.01348	0.7896	0.00815172985365088	103.658762
4_103736180_T_G	4	103736180	1.179e-05	4.22e-06	0.00815172985365088	103.73618
4_103738232_G_C	4	103738232	1.383e-05	4.036e-06	0.00812241538639276	103.738232
4_103714494_T_G	4	103714494	2.037e-05	5.891e-06	0.00807818390236195	103.714494
4_103689317_T_C	4	103689317	3.699e-05	1.096e-05	0.00797665752563935	103.689317
4_103773501_G_A	4	103773501	1.649e-05	2.816e-06	0.00792108107616776	103.773501
4_103647848_T_C	4	103647848	0.01604	0.9206	0.00786886297472448	103.647848
4_103781065_T_C	4	103781065	1.498e-05	5.964e-06	0.0078517250134051	103.781065
4_103668899_G_A	4	103668899	0.02878	0.4297	0.00782871114938993	103.668899
4_103685471_G_A	4	103685471	3.715e-05	8.2e-06	0.00780981001411113	103.685471
4_103640143_A_G	4	103640143	0.5738	0.2884	0.00780981001411113	103.640143
4_103749747_G_C	4	103749747	0.08877	0.006488	0.00779036188910809	103.749747
4_103690256_A_G	4	103690256	3.701e-05	1.219e-05	0.00774999719874646	103.690256
4_103722487_G_A	4	103722487	2.19e-05	7.435e-06	0.00774438819633814	103.722487
4_103744105_A_C	4	103744105	0.5882	0.4307	0.00773975827718507	103.744105
4_103647335_A_G	4	103647335	0.3461	0.1078	0.00772590259059881	103.647335
4_103745756_A_G	4	103745756	1.573e-05	2.842e-06	0.00760345784999232	103.745756
4_103738355_C_T	4	103738355	1.742e-05	2.842e-06	0.00757354493171638	103.738355
4_103689805_T_A	4	103689805	2.9e-05	1.54e-05	0.0075456695493924	103.689805
4_103802242_T_C	4	103802242	0.003357	0.0002205	0.00752913600419794	103.802242
4_103701196_A_C	4	103701196	1.715e-05	1.087e-05	0.00747914727786821	103.701196
4_103773405_G_C	4	103773405	0.06247	0.2039	0.00745911182162212	103.773405
4_103738108_T_C	4	103738108	1.193e-05	4.22e-06	0.00745535127210007	103.738108
4_103698324_C_A	4	103698324	0.1613	0.2429	0.00744090941229195	103.698324
4_103693143_G_C	4	103693143	3.305e-05	9.948e-06	0.00743099753881985	103.693143
4_103785857_T_C	4	103785857	1.092e-05	4.995e-06	0.00741223960987637	103.785857
4_103751251_A_G	4	103751251	1.098e-05	4.22e-06	0.00732156982559329	103.751251
4_103706344_G_T	4	103706344	0.5536	0.4307	0.00729715807032682	103.706344
4_103744958_A_C	4	103744958	1.138e-05	4.22e-06	0.00729212950806234	103.744958
4_103651962_A_C	4	103651962	4.123e-05	2.762e-05	0.00729129416299343	103.651962
4_103725894_G_A	4	103725894	1.467e-05	1.087e-05	0.00727928962261842	103.725894
4_103822833_G_A	4	103822833	3.627e-05	1.913e-06	0.00721860217373128	103.822833
4_103682810_C_T	4	103682810	0.2261	0.8988	0.0072096348593787	103.68281
4_103673907_A_C	4	103673907	0.7103	0.1558	0.00720659462055739	103.673907
4_103712066_C_T	4	103712066	0.2755	0.4307	0.007198612369737	103.712066
4_103765156_A_G	4	103765156	0.8268	0.06556	0.0071980771106243	103.765156
4_103645082_C_T	4	103645082	0.02616	0.0857	0.00718988280923703	103.645082
4_103820886_G_A	4	103820886	3.612e-05	2.058e-06	0.00717081705050229	103.820886
4_103691796_A_G	4	103691796	0.01445	0.5859	0.0071042237822536	103.691796
4_103633894_T_C	4	103633894	0.007387	0.05255	0.00682544648932987	103.633894
4_103721059_T_C	4	103721059	1.176e-05	2.842e-06	0.00675392564891074	103.721059
4_103731725_G_A	4	103731725	1.131e-05	4.22e-06	0.00667641470705539	103.731725
4_103783500_T_A	4	103783500	2.02e-05	1.41e-05	0.00661266642942188	103.7835
4_103700878_C_T	4	103700878	1.702e-05	1.087e-05	0.00658518115088071	103.700878
4_103656507_A_G	4	103656507	0.08971	0.979	0.00650224131358554	103.656507
4_103680984_A_G	4	103680984	0.01185	0.08435	0.00622363897391686	103.680984
4_103695484_T_C	4	103695484	2.26e-05	7.874e-06	0.00617509719737113	103.695484
4_103701818_C_T	4	103701818	2.023e-05	6.208e-06	0.00526595884562552	103.701818
4_103640758_T_C	4	103640758	0.2359	0.467	0.00508961924396011	103.640758
4_103702145_A_G	4	103702145	0.005845	2.201e-05	0.00504410618312196	103.702145
4_103780523_T_C	4	103780523	1.632e-05	8.639e-06	0.00501509604994309	103.780523
4_103715355_G_C	4	103715355	0.005191	3.146e-05	0.00498125136617003	103.715355
4_103805801_A_T	4	103805801	0.4918	0.9242	0.00472120372881064	103.805801
4_103713894_G_T	4	103713894	0.004896	0.2107	0.00451212962417814	103.713894
4_103658651_T_G	4	103658651	0.002271	0.1099	0.00427974288144205	103.658651
4_103786560_G_A	4	103786560	1.603e-05	3.39e-06	0.00421710875201285	103.78656
4_103802824_T_C	4	103802824	0.008873	0.04212	0.00395351343253	103.802824
4_103666965_C_T	4	103666965	0.06661	0.06934	0.0038617215480343	103.666965
4_103778434_A_G	4	103778434	1.701e-05	3.39e-06	0.00382459160226545	103.778434
4_103732287_T_G	4	103732287	0.004306	3.146e-05	0.00322772194572766	103.732287
4_103668344_T_G	4	103668344	0.06774	0.07412	0.0032133462938481	103.668344
4_103679117_G_T	4	103679117	0.007042	0.05305	0.00310299844503456	103.679117
4_103654439_A_G	4	103654439	0.1956	0.03437	0.00304514938338709	103.654439
4_103724265_C_T	4	103724265	0.004471	3.146e-05	0.00300528011357522	103.724265
4_103783049_A_C	4	103783049	0.03964	0.4	0.00285146822655696	103.783049
4_103785845_C_T	4	103785845	0.005527	0.0001424	0.00277572489672376	103.785845
4_103776519_A_G	4	103776519	0.07308	0.5732	0.00275484409509791	103.776519
4_103641655_G_A	4	103641655	0.01011	0.7896	0.00275122921504335	103.641655
4_103732568_G_T	4	103732568	1.235e-05	4.84e-06	0.00272880692800939	103.732568
4_103760250_A_C	4	103760250	0.001244	0.000772	0.00261533001620502	103.76025
4_103752302_A_T	4	103752302	1.057e-05	4.22e-06	0.0026032398569821	103.752302
4_103759189_T_C	4	103759189	1.054e-05	4.036e-06	0.00258266919175316	103.759189
4_103737051_C_T	4	103737051	1.577e-05	2.842e-06	0.0025793167458453	103.737051
4_103747286_G_A	4	103747286	0.1178	0.738	0.00251463349739909	103.747286
4_103713097_A_G	4	103713097	0.5614	0.4307	0.00250618134787695	103.713097
4_103741940_A_C	4	103741940	0.004219	3.146e-05	0.00249206239864403	103.74194
4_103709663_A_G	4	103709663	9.608e-06	1.087e-05	0.00247975544461397	103.709663
4_103776867_G_A	4	103776867	1.497e-05	2.816e-06	0.00247522541084636	103.776867
4_103674329_T_C	4	103674329	0.774	0.3202	0.00247175988224428	103.674329
4_103671679_T_A	4	103671679	0.8014	0.3278	0.00245687460046831	103.671679
4_103690988_A_G	4	103690988	0.006383	3.146e-05	0.00242059940940125	103.690988
4_103757641_T_C	4	103757641	1.446e-05	2.842e-06	0.00240965445550592	103.757641
4_103643128_G_A	4	103643128	0.03989	0.297	0.00240340356757901	103.643128
4_103753371_A_C	4	103753371	1.469e-05	2.842e-06	0.00240140296382977	103.753371
4_103712209_C_G	4	103712209	2.11e-05	7.874e-06	0.00239997121239418	103.712209
4_103754500_G_A	4	103754500	1.445e-05	2.842e-06	0.00239036767284971	103.7545
4_103700749_T_C	4	103700749	0.2846	0.4307	0.00238692753428222	103.700749
4_103741957_A_G	4	103741957	1.177e-05	4.22e-06	0.00233318683181217	103.741957
4_103785582_G_A	4	103785582	1.353e-05	3.545e-06	0.0023183009603152	103.785582
4_103809914_C_A	4	103809914	1.436e-05	2.883e-06	0.00226756905570752	103.809914
4_103675058_G_T	4	103675058	0.03487	0.4307	0.00226217363157002	103.675058
4_103769892_T_C	4	103769892	1.388e-05	2.421e-06	0.0022391693177959	103.769892
4_103794927_T_A	4	103794927	1.354e-05	2.312e-06	0.00222301711163677	103.794927
4_103794536_C_T	4	103794536	1.001e-05	3.425e-06	0.00217807456883713	103.794536
4_103774795_T_C	4	103774795	0.5935	0.4307	0.00213677763963625	103.774795
4_103770579_C_T	4	103770579	1.179e-05	3.592e-06	0.00212480873230496	103.770579
4_103769304_T_C	4	103769304	0.01001	0.04472	0.002083249785725	103.769304
4_103698786_G_C	4	103698786	0.01238	0.1166	0.00193957204959255	103.698786
4_103742651_T_C	4	103742651	1.622e-05	2.842e-06	0.00151665356157285	103.742651
4_103722238_G_A	4	103722238	1.509e-05	1.043e-05	0.00136536231649732	103.722238
4_103701777_T_C	4	103701777	1.95e-05	6.208e-06	0.00129882294595499	103.701777
4_103675108_G_C	4	103675108	0.006768	0.1307	0.00128801094410383	103.675108
4_103632963_C_T	4	103632963	0.003715	0.08978	0.00128763398838747	103.632963
4_103827132_A_G	4	103827132	3.653e-05	1.913e-06	0.00124377837098778	103.827132
4_103758301_T_C	4	103758301	0.009425	0.07672	0.00112371939054494	103.758301
4_103710183_T_C	4	103710183	2.129e-05	7.874e-06	0.00111267692395652	103.710183
4_103786116_C_T	4	103786116	1.596e-05	3.39e-06	0.00110537493021624	103.786116
4_103709386_C_T	4	103709386	2.138e-05	7.874e-06	0.00110094554431542	103.709386
4_103788211_A_G	4	103788211	1.382e-05	3.545e-06	0.00106345871879621	103.788211
4_103794188_T_A	4	103794188	1.374e-05	2.312e-06	0.00105850922386052	103.794188
4_103731938_A_T	4	103731938	0.002834	0.8952	0.000995044460463906	103.731938
4_103688303_C_T	4	103688303	0.6106	0.6604	0.000985372731508151	103.688303
4_103827488_T_G	4	103827488	3.445e-05	1.913e-06	0.000984739550777039	103.827488
4_103729743_T_A	4	103729743	1.718e-05	2.842e-06	0.000968480701283936	103.729743
4_103638420_T_C	4	103638420	0.1562	0.46	0.000966664155423045	103.63842
4_103670772_G_T	4	103670772	0.6477	0.4307	0.000575008252559035	103.670772
4_103670544_G_A	4	103670544	0.01314	0.6507	0.000428256433730124	103.670544
4_103769234_T_C	4	103769234	1.114e-05	3.437e-06	5.94243676344901e-06	103.769234
4_103688439_C_T	4	103688439	0.006	3.146e-05	5.89140432848105e-06	103.688439
4_103687208_A_G	4	103687208	2.578e-05	1.54e-05	5.75335557769078e-06	103.687208
4_103802579_A_G	4	103802579	5.111e-06	3.425e-06	5.70193174237825e-06	103.802579
4_103769313_C_T	4	103769313	0.0215	0.8968	5.34619558381543e-06	103.769313
4_103696253_G_A	4	103696253	0.5962	0.1521	5.1253882450995e-06	103.696253
4_103794719_A_C	4	103794719	0.04887	0.5732	5.05064122194919e-06	103.794719
4_103719906_A_G	4	103719906	1.369e-05	1.087e-05	5.0337481628908e-06	103.719906
4_103678338_T_C	4	103678338	0.7189	0.3278	4.86566103432255e-06	103.678338
4_103693621_C_T	4	103693621	3.097e-05	1.111e-05	4.70249983984662e-06	103.693621
4_103770794_G_C	4	103770794	1.643e-05	2.421e-06	4.55710060922323e-06	103.770794
4_103737028_A_C	4	103737028	1.146e-05	4.22e-06	4.26095826048393e-06	103.737028
4_103725297_G_A	4	103725297	0.05847	0.2039	4.20084789182089e-06	103.725297
4_103799569_G_A	4	103799569	1.4e-05	2.312e-06	3.92279838574538e-06	103.799569
4_103813881_C_T	4	103813881	2.076e-05	2.312e-06	3.74771445404184e-06	103.813881
4_103674538_T_C	4	103674538	0.6681	0.4307	3.54530951759251e-06	103.674538
4_103803106_C_T	4	103803106	1.497e-05	2.312e-06	2.63552816345674e-06	103.803106
4_103759091_G_A	4	103759091	1.319e-05	2.842e-06	2.08459051009389e-06	103.759091
4_103732845_A_C	4	103732845	7.563e-06	0.05097	1.39624794166869e-06	103.732845
4_103732173_C_T	4	103732173	1.716e-05	2.842e-06	1.37585109749157e-06	103.732173
4_103832044_T_A	4	103832044	0.01178	0.01886	1.30463637516725e-06	103.832044
4_103771245_T_C	4	103771245	0.02553	0.2039	1.24806538673988e-06	103.771245
4_103811384_A_G	4	103811384	0.4385	0.4046	1.23819361226246e-06	103.811384
4_103826036_A_G	4	103826036	3.571e-05	1.913e-06	1.16247863785522e-06	103.826036
4_103690391_T_C	4	103690391	2.93e-05	1.54e-05	1.14881584974205e-06	103.690391
4_103719893_G_A	4	103719893	1.945e-05	7.874e-06	7.63728952020871e-07	103.719893
4_103700422_G_C	4	103700422	1.868e-05	1.043e-05	7.09416247671258e-07	103.700422
4_103789782_G_A	4	103789782	0.005576	0.0001424	1.39501945451735e-07	103.789782
4_103800194_G_A	4	103800194	0.009803	0.04212	1.36572901108074e-08	103.800194
4_103785051_G_A	4	103785051	0.0005042	0.003197	1.22839336251955e-08	103.785051
4_103688038_T_C	4	103688038	3.352e-05	1.145e-05	1.13206971165073e-08	103.688038
4_103725334_C_T	4	103725334	1.63e-05	1.087e-05	1.00244343894337e-08	103.725334
4_103772252_A_G	4	103772252	1.111e-05	3.592e-06	8.91375592081879e-09	103.772252
4_103703529_A_C	4	103703529	1.641e-05	1.087e-05	8.59387304274158e-09	103.703529
4_103830525_C_T	4	103830525	2.777e-05	2.877e-06	8.06733659276947e-09	103.830525
4_103742413_T_C	4	103742413	1.591e-05	2.842e-06	7.28538412412087e-09	103.742413
4_103656377_A_G	4	103656377	0.06417	0.05976	6.88026830827733e-09	103.656377
4_103802314_T_C	4	103802314	9.03e-06	3.425e-06	6.77828460102987e-09	103.802314
4_103753735_T_G	4	103753735	1.116e-05	4.036e-06	6.7580302157466e-09	103.753735
4_103685218_C_T	4	103685218	0.4684	0.3944	6.41040562715046e-09	103.685218
4_103805443_T_C	4	103805443	8.932e-06	3.425e-06	6.30205506628019e-09	103.805443
4_103726773_A_C	4	103726773	1.291e-05	4.22e-06	6.19531243423744e-09	103.726773
4_103736345_T_A	4	103736345	0.05422	0.0734	6.12266351343065e-09	103.736345
4_103777392_G_A	4	103777392	7.898e-06	4.456e-06	5.95437652874368e-09	103.777392
4_103633815_G_A	4	103633815	0.003968	0.08978	5.90995011222785e-09	103.633815
4_103688017_T_C	4	103688017	2.663e-05	1.574e-05	5.49639097759532e-09	103.688017
4_103825248_T_C	4	103825248	3.605e-05	1.913e-06	5.40764480291236e-09	103.825248
4_103672369_G_A	4	103672369	0.0275	0.4297	4.8367990343003e-09	103.672369
4_103647047_C_T	4	103647047	0.1748	0.03404	4.39570723129368e-09	103.647047
4_103771811_A_G	4	103771811	0.00356	0.0002205	4.37065298191865e-09	103.771811
4_103643021_C_T	4	103643021	0.6515	0.4993	4.15433528715409e-09	103.643021
4_103760794_G_A	4	103760794	0.004953	0.7194	3.98876094528572e-09	103.760794
4_103711434_C_T	4	103711434	2.057e-05	7.874e-06	3.76130839104821e-09	103.711434
4_103765916_G_A	4	103765916	1.032e-05	3.592e-06	3.75048194485967e-09	103.765916
4_103813734_C_T	4	103813734	2.082e-05	2.312e-06	3.71355013640642e-09	103.813734
4_103749516_C_G	4	103749516	1.221e-05	4.036e-06	3.6025607760189e-09	103.749516
4_103732866_C_T	4	103732866	0.009754	0.07778	3.43464954215492e-09	103.732866
4_103760515_A_C	4	103760515	0.7032	0.2847	3.34393391938794e-09	103.760515
4_103701331_A_C	4	103701331	1.857e-05	1.043e-05	3.27735484594159e-09	103.701331
4_103780496_T_C	4	103780496	2.066e-05	6.204e-06	3.23182846191646e-09	103.780496
4_103713359_C_T	4	103713359	2.064e-05	7.874e-06	3.12984164393141e-09	103.713359
4_103748797_A_G	4	103748797	1.595e-05	2.842e-06	3.0736945835e-09	103.748797
4_103736422_A_G	4	103736422	1.655e-05	2.842e-06	2.80743391828905e-09	103.736422
4_103761537_T_C	4	103761537	0.0827	0.4075	2.68294154853026e-09	103.761537
4_103749444_G_A	4	103749444	1.104e-05	4.22e-06	2.66205763036628e-09	103.749444
4_103723993_T_C	4	103723993	1.961e-05	7.435e-06	2.50396712652549e-09	103.723993
4_103695645_C_T	4	103695645	0.00526	3.146e-05	2.43432145226009e-09	103.695645
4_103723488_C_A	4	103723488	0.06199	0.2039	2.43291648504262e-09	103.723488
4_103751133_T_A	4	103751133	1.089e-05	4.22e-06	2.42511182392018e-09	103.751133
4_103777146_C_T	4	103777146	0.2655	0.8988	2.40671207471761e-09	103.777146
4_103816523_A_G	4	103816523	2.135e-05	1.858e-06	2.38813596386169e-09	103.816523
4_103750316_G_A	4	103750316	1.047e-05	4.22e-06	2.38427259508446e-09	103.750316
4_103779972_A_G	4	103779972	2.825e-05	6.204e-06	1.45553867878948e-09	103.779972
4_103825780_C_T	4	103825780	0.9002	0.2798	1.45147706191963e-09	103.82578
4_103689069_C_T	4	103689069	3.103e-05	1.479e-05	1.39988900668087e-09	103.689069
4_103710105_A_G	4	103710105	1.166e-05	0.04996	1.32149226692612e-09	103.710105
4_103818616_G_A	4	103818616	0.01398	0.9316	1.30686256019122e-09	103.818616
4_103634220_C_T	4	103634220	0.003559	0.08978	1.27262658760791e-09	103.63422
4_103748943_G_A	4	103748943	0.0851	0.07098	1.23782048084455e-09	103.748943
4_103676853_A_G	4	103676853	0.8116	0.3278	1.21570026973943e-09	103.676853
4_103786371_C_T	4	103786371	1.381e-05	3.545e-06	1.14198609534166e-09	103.786371
4_103748224_G_A	4	103748224	0.0888	0.07098	1.11458154677729e-09	103.748224
4_103714500_T_G	4	103714500	0.00622	2.201e-05	1.11193505994226e-09	103.7145
4_103807720_T_C	4	103807720	1.406e-05	2.45e-06	1.10060682016436e-09	103.80772
4_103715117_A_T	4	103715117	1.465e-05	1.087e-05	1.08966932335393e-09	103.715117
4_103739822_A_C	4	103739822	0.005663	0.7051	1.08340655020361e-09	103.739822
4_103738973_A_G	4	103738973	0.005247	2.201e-05	9.70856380398893e-10	103.738973
4_103705816_T_C	4	103705816	0.06576	0.2107	9.20876587228588e-10	103.705816
4_103793659_T_C	4	103793659	1.317e-05	2.312e-06	9.10486703804302e-10	103.793659
4_103766349_G_T	4	103766349	0.004101	0.0002205	9.06428708961899e-10	103.766349
4_103817531_C_T	4	103817531	4.535e-05	0.04662	9.04735830419495e-10	103.817531
4_103692157_G_T	4	103692157	2.596e-05	1.54e-05	8.959090701512e-10	103.692157
4_103726725_C_A	4	103726725	0.006096	0.7051	8.58552843955702e-10	103.726725
4_103823731_T_G	4	103823731	2.078e-05	1.913e-06	8.57899172711592e-10	103.823731
4_103820499_A_G	4	103820499	0.0172	0.02652	8.561637914114e-10	103.820499
4_103764993_A_G	4	103764993	1.067e-05	3.08e-06	8.29627048836516e-10	103.764993
4_103779007_T_C	4	103779007	3.446e-05	5.964e-06	7.49493896616779e-10	103.779007
4_103775704_C_T	4	103775704	1.67e-05	2.816e-06	7.46008919454576e-10	103.775704
4_103812897_A_C	4	103812897	0.05558	0.5732	7.32042140216002e-10	103.812897
4_103720866_G_C	4	103720866	1.827e-05	7.874e-06	6.82174329223907e-10	103.720866
4_103692343_T_C	4	103692343	2.607e-05	1.54e-05	5.82544050218121e-10	103.692343
4_103714182_T_G	4	103714182	2.027e-05	7.874e-06	5.53532159791232e-10	103.714182
4_103675586_C_G	4	103675586	0.7986	0.3278	5.49984460707363e-10	103.675586
4_103831195_C_T	4	103831195	0.01048	0.001149	5.03760001357295e-10	103.831195
4_103794717_G_C	4	103794717	1.353e-05	2.312e-06	4.94461092927435e-10	103.794717
4_103796908_A_G	4	103796908	9.843e-06	3.425e-06	4.87966928859423e-10	103.796908
4_103761862_G_A	4	103761862	0.03806	0.02961	4.7929180058301e-10	103.761862
4_103778056_G_T	4	103778056	1.035e-05	4.142e-06	4.66705035185271e-10	103.778056
4_103668397_C_G	4	103668397	0.01866	0.7896	4.36780924904715e-10	103.668397
4_103762046_C_T	4	103762046	0.06909	0.202	4.20364239283755e-10	103.762046
4_103731737_T_C	4	103731737	1.079e-05	4.22e-06	3.98136891284057e-10	103.731737
4_103728010_C_A	4	103728010	1.143e-05	2.842e-06	3.89774438096176e-10	103.72801
4_103714786_G_T	4	103714786	1.305e-05	7.874e-06	3.67679703473861e-10	103.714786
4_103710930_G_A	4	103710930	1.58e-05	1.087e-05	3.58837964984859e-10	103.71093
4_103701536_G_A	4	103701536	0.006067	0.3361	3.58549336379242e-10	103.701536
4_103730493_T_G	4	103730493	1.725e-05	2.842e-06	3.52554741116495e-10	103.730493
4_103781159_C_T	4	103781159	2.848e-05	3.254e-06	3.51692442083724e-10	103.781159
4_103685514_G_C	4	103685514	0.4172	0.7066	3.37891778283416e-10	103.685514
4_103741596_T_A	4	103741596	1.592e-05	2.842e-06	3.37316919522085e-10	103.741596
4_103693164_G_A	4	103693164	3.276e-05	9.948e-06	3.28882634452068e-10	103.693164
4_103653976_T_C	4	103653976	8.61e-05	8.884e-06	3.24176611958875e-10	103.653976
4_103750268_C_T	4	103750268	1.047e-05	4.22e-06	3.1333764231724e-10	103.750268
4_103827426_G_A	4	103827426	0.5886	0.4307	3.12693277408371e-10	103.827426
4_103715385_C_T	4	103715385	8.761e-06	1.087e-05	3.07739641983523e-10	103.715385
4_103805799_A_G	4	103805799	1.288e-05	2.45e-06	3.07497804818709e-10	103.805799
4_103709571_A_T	4	103709571	2.12e-05	7.874e-06	3.0544039988614e-10	103.709571
4_103636292_A_G	4	103636292	0.06689	0.1081	3.00110821342712e-10	103.636292
4_103811855_C_T	4	103811855	0.03663	0.09667	2.99009171599628e-10	103.811855
4_103815289_A_G	4	103815289	2.074e-05	1.368e-06	2.98777597814104e-10	103.815289
4_103761608_G_T	4	103761608	0.07956	0.05185	2.97656971399007e-10	103.761608
4_103754645_A_G	4	103754645	1.37e-05	2.842e-06	2.9181915100064e-10	103.754645
4_103738243_G_A	4	103738243	1.713e-05	2.842e-06	2.90937698795741e-10	103.738243
4_103811377_A_C	4	103811377	1.451e-05	1.877e-06	2.86699886255943e-10	103.811377
4_103780922_C_T	4	103780922	1.955e-05	8.639e-06	2.84017114135678e-10	103.780922
4_103812499_A_G	4	103812499	1.143e-05	3.425e-06	2.83621888289948e-10	103.812499
4_103802026_A_G	4	103802026	0.004442	0.09607	2.83191895074781e-10	103.802026
4_103711052_T_C	4	103711052	1.653e-05	1.043e-05	2.7737066622079e-10	103.711052
4_103728206_T_C	4	103728206	0.3454	0.7787	2.76984207708046e-10	103.728206
4_103809645_T_G	4	103809645	1.457e-05	2.312e-06	2.75126971502929e-10	103.809645
4_103712337_A_T	4	103712337	2.471e-05	7.874e-06	2.74877789841626e-10	103.712337
4_103759002_G_C	4	103759002	0.05157	0.08022	2.74003766268069e-10	103.759002
4_103734725_T_C	4	103734725	1.666e-05	2.842e-06	2.72213674335654e-10	103.734725
4_103729474_A_G	4	103729474	0.5083	0.124	2.68112177240282e-10	103.729474
4_103790186_G_T	4	103790186	1.544e-05	2.883e-06	1.93227296187029e-10	103.790186
4_103798173_C_A	4	103798173	0.5876	0.4307	1.54889719678931e-10	103.798173
4_103683546_A_C	4	103683546	0.09739	0.07353	9.79778374621065e-11	103.683546
4_103804061_G_T	4	103804061	0.4115	0.7907	7.15446452132864e-11	103.804061
