SNP	chr	pos	GWAS_P	EQTL_P	PP_H4	BP_Mb
4_103797334_G_A	4	103797334	1.458e-05	7.279e-21	0.0479662089487426	103.797334
4_103754591_G_C	4	103754591	1.459e-05	4.158e-21	0.0461797368612617	103.754591
4_103635183_T_C	4	103635183	0.02115	0.009716	0.044575057044034	103.635183
4_103750316_G_A	4	103750316	1.047e-05	3.362e-21	0.0430438616755387	103.750316
4_103768107_G_A	4	103768107	0.04488	0.05743	0.0406998682937523	103.768107
4_103744071_T_C	4	103744071	1.577e-05	4.158e-21	0.0286683282323578	103.744071
4_103789810_C_A	4	103789810	1.055e-05	5.833e-21	0.0283996136353904	103.78981
4_103792253_G_A	4	103792253	0.556	0.003755	0.0241870303811399	103.792253
4_103821891_T_C	4	103821891	2.055e-05	1.095e-20	0.0208946216415675	103.821891
4_103680984_A_G	4	103680984	0.01185	8.318e-07	0.0179653929737794	103.680984
4_103831195_C_T	4	103831195	0.01048	5.94e-12	0.0177191983809759	103.831195
4_103636292_A_G	4	103636292	0.06689	0.8544	0.0161610440552664	103.636292
4_103766349_G_T	4	103766349	0.004101	3.213e-10	0.015967603612538	103.766349
4_103695484_T_C	4	103695484	2.26e-05	5.63e-21	0.0122669658375636	103.695484
4_103744958_A_C	4	103744958	1.138e-05	3.362e-21	0.00970264423722084	103.744958
4_103783500_T_A	4	103783500	2.02e-05	1.14e-20	0.00960097451184555	103.7835
4_103656377_A_G	4	103656377	0.06417	0.01714	0.00939577088185187	103.656377
4_103703999_A_G	4	103703999	0.2924	0.1507	0.00898300047545897	103.703999
4_103719741_C_T	4	103719741	2.061e-05	5.63e-21	0.00867029604493246	103.719741
4_103738232_G_C	4	103738232	1.383e-05	2.986e-21	0.00836052667734912	103.738232
4_103727018_A_T	4	103727018	9.073e-06	3.362e-21	0.00826787928798788	103.727018
4_103689317_T_C	4	103689317	3.699e-05	6.12e-21	0.0082104958767447	103.689317
4_103658762_C_A	4	103658762	0.01348	0.9431	0.00783358711587436	103.658762
4_103736180_T_G	4	103736180	1.179e-05	3.362e-21	0.00783358711587436	103.73618
4_103714494_T_G	4	103714494	2.037e-05	9.799e-21	0.00776291148913188	103.714494
4_103773501_G_A	4	103773501	1.649e-05	9.391e-22	0.00761194001470421	103.773501
4_103781065_T_C	4	103781065	1.498e-05	9.532e-21	0.00754529075504774	103.781065
4_103751251_A_G	4	103751251	1.098e-05	3.362e-21	0.00753620406430995	103.751251
4_103749747_G_C	4	103749747	0.08877	8.565e-09	0.00748632248837147	103.749747
4_103690256_A_G	4	103690256	3.701e-05	1.656e-21	0.00744753313641431	103.690256
4_103738355_C_T	4	103738355	1.742e-05	4.158e-21	0.00727796738406609	103.738355
4_103802242_T_C	4	103802242	0.003357	3.213e-10	0.00723529163196392	103.802242
4_103712589_G_A	4	103712589	1.521e-05	7.114e-21	0.0072211866561135	103.712589
4_103701196_A_C	4	103701196	1.715e-05	7.114e-21	0.00718507386962626	103.701196
4_103651962_A_C	4	103651962	4.123e-05	9.096e-14	0.00700460697188132	103.651962
4_103725894_G_A	4	103725894	1.467e-05	7.114e-21	0.00699721763720038	103.725894
4_103765156_A_G	4	103765156	0.8268	0.001079	0.00691505513096983	103.765156
4_103656507_A_G	4	103656507	0.08971	0.2928	0.00669285666624054	103.656507
4_103813318_C_T	4	103813318	0.006373	7.074e-11	0.00665671524290583	103.813318
4_103701777_T_C	4	103701777	1.95e-05	6.748e-21	0.0065759882055344	103.701777
4_103675108_G_C	4	103675108	0.006768	1.508e-07	0.00652124664366647	103.675108
4_103731725_G_A	4	103731725	1.131e-05	3.362e-21	0.0064158500304079	103.731725
4_103690466_C_T	4	103690466	3.043e-05	2.695e-21	0.0059483011256815	103.690466
4_103747541_G_A	4	103747541	0.005197	8.945e-12	0.00576646015908346	103.747541
4_103771245_T_C	4	103771245	0.02553	0.979	0.00575396410722641	103.771245
4_103700878_C_T	4	103700878	1.702e-05	7.114e-21	0.00564280295524861	103.700878
4_103811384_A_G	4	103811384	0.4385	0.003253	0.00563891442964271	103.811384
4_103746753_C_T	4	103746753	0.0039	1.016e-09	0.00553072634724511	103.746753
4_103738972_T_C	4	103738972	0.01042	1.788e-06	0.00547344738868737	103.738972
4_103706344_G_T	4	103706344	0.5536	0.1507	0.0054709785935335	103.706344
4_103633894_T_C	4	103633894	0.007387	0.008589	0.0054482386939573	103.633894
4_103736988_A_C	4	103736988	0.004828	8.233e-11	0.00518805108177153	103.736988
4_103698786_G_C	4	103698786	0.01238	2.354e-06	0.00514911737399654	103.698786
4_103764209_A_G	4	103764209	1.564e-05	2.414e-21	0.00504107317892954	103.764209
4_103803402_A_G	4	103803402	0.3943	0.9267	0.00500393789302834	103.803402
4_103684953_C_G	4	103684953	2.93e-05	3.875e-21	0.00496083794040277	103.684953
4_103729474_A_G	4	103729474	0.5083	0.5405	0.0047986080637111	103.729474
4_103677515_G_A	4	103677515	0.6655	0.1507	0.00475630431683458	103.677515
4_103704060_T_C	4	103704060	1.82e-05	6.333e-21	0.0047531723706625	103.70406
4_103647848_T_C	4	103647848	0.01604	0.3954	0.00471842733117966	103.647848
4_103799528_T_C	4	103799528	1.285e-05	7.279e-21	0.00471283930903128	103.799528
4_103786560_G_A	4	103786560	1.603e-05	3.21e-21	0.00468894049008732	103.78656
4_103747122_T_G	4	103747122	0.4287	0.002276	0.00468228914285832	103.747122
4_103637334_T_C	4	103637334	0.02439	0.8544	0.00460836882416401	103.637334
4_103729743_T_A	4	103729743	1.718e-05	4.158e-21	0.0044865231771917	103.729743
4_103756076_C_T	4	103756076	9.894e-06	3.362e-21	0.00441320072332467	103.756076
4_103668899_G_A	4	103668899	0.02878	0.3723	0.00438711445143195	103.668899
4_103685471_G_A	4	103685471	3.715e-05	3.031e-21	0.0043765224852516	103.685471
4_103640143_A_G	4	103640143	0.5738	0.02897	0.0043765224852516	103.640143
4_103676853_A_G	4	103676853	0.8116	0.1725	0.00437298046958853	103.676853
4_103722487_G_A	4	103722487	2.19e-05	8.792e-21	0.00433986089476577	103.722487
4_103744105_A_C	4	103744105	0.5882	0.1507	0.00433726634441926	103.744105
4_103647335_A_G	4	103647335	0.3461	0.03706	0.00432950178628226	103.647335
4_103666965_C_T	4	103666965	0.06661	0.01215	0.00429379074451849	103.666965
4_103745756_A_G	4	103745756	1.573e-05	4.158e-21	0.00426088524381878	103.745756
4_103773405_G_C	4	103773405	0.06247	0.979	0.0041799954862347	103.773405
4_103785857_T_C	4	103785857	1.092e-05	2.569e-21	0.00415372886921484	103.785857
4_103822833_G_A	4	103822833	3.627e-05	1.095e-20	0.00404521680659818	103.822833
4_103673907_A_C	4	103673907	0.7103	0.4266	0.00403848791993339	103.673907
4_103712066_C_T	4	103712066	0.2755	0.1507	0.00403401476371892	103.712066
4_103820886_G_A	4	103820886	3.612e-05	1.023e-20	0.00401843860509336	103.820886
4_103691796_A_G	4	103691796	0.01445	0.004359	0.00398112054801766	103.691796
4_103778434_A_G	4	103778434	1.701e-05	3.21e-21	0.00396785433034016	103.778434
4_103710183_T_C	4	103710183	2.129e-05	5.63e-21	0.00363794233579673	103.710183
4_103786116_C_T	4	103786116	1.596e-05	3.21e-21	0.0036130708719393	103.786116
4_103709386_C_T	4	103709386	2.138e-05	5.63e-21	0.00359859281138143	103.709386
4_103719893_G_A	4	103719893	1.945e-05	5.63e-21	0.00355410312506844	103.719893
4_103827488_T_G	4	103827488	3.445e-05	1.095e-20	0.00347362885127469	103.827488
4_103638420_T_C	4	103638420	0.1562	0.7661	0.00340986862680692	103.63842
4_103731938_A_T	4	103731938	0.002834	0.01261	0.00325333822494471	103.731938
4_103688303_C_T	4	103688303	0.6106	0.536	0.0032217161148147	103.688303
4_103818734_T_C	4	103818734	3.391e-05	7.099e-21	0.00320273168563583	103.818734
4_103827132_A_G	4	103827132	3.653e-05	1.095e-20	0.00320105161363383	103.827132
4_103731282_G_A	4	103731282	0.005441	8.945e-12	0.00312855973816696	103.731282
4_103752302_A_T	4	103752302	1.057e-05	3.362e-21	0.00311605358752577	103.752302
4_103807720_T_C	4	103807720	1.406e-05	4.648e-21	0.00310038135499066	103.80772
4_103776519_A_G	4	103776519	0.07308	0.05743	0.0030749271366483	103.776519
4_103710105_A_G	4	103710105	1.166e-05	1.255e-07	0.00304851180317166	103.710105
4_103813594_T_C	4	103813594	2.011e-05	7.279e-21	0.00304636740281472	103.813594
4_103766720_G_A	4	103766720	0.1746	0.7307	0.00300412083465405	103.76672
4_103805443_T_C	4	103805443	8.932e-06	5.833e-21	0.00295165361599808	103.805443
4_103785845_C_T	4	103785845	0.005527	3.382e-11	0.00289083684588644	103.785845
4_103759189_T_C	4	103759189	1.054e-05	2.986e-21	0.00288274737464773	103.759189
4_103737051_C_T	4	103737051	1.577e-05	4.158e-21	0.0028790054108413	103.737051
4_103700749_T_C	4	103700749	0.2846	0.1507	0.00285712977481322	103.700749
4_103734219_C_T	4	103734219	0.005387	8.945e-12	0.00284093425658908	103.734219
4_103811855_C_T	4	103811855	0.03663	0.0001187	0.00283907901286807	103.811855
4_103713097_A_G	4	103713097	0.5614	0.1507	0.00279737247188019	103.713097
4_103741940_A_C	4	103741940	0.004219	8.233e-11	0.00278161305369224	103.74194
4_103714786_G_T	4	103714786	1.305e-05	5.63e-21	0.00276861644428047	103.714786
4_103760250_A_C	4	103760250	0.001244	3.074e-14	0.0027237902372537	103.76025
4_103643128_G_A	4	103643128	0.03989	0.03833	0.00268265302686879	103.643128
4_103747286_G_A	4	103747286	0.1178	0.2882	0.00261891773812375	103.747286
4_103794536_C_T	4	103794536	1.001e-05	5.833e-21	0.0026071347424711	103.794536
4_103741957_A_G	4	103741957	1.177e-05	3.362e-21	0.00260427786704013	103.741957
4_103632963_C_T	4	103632963	0.003715	0.01292	0.00258938601215567	103.632963
4_103785582_G_A	4	103785582	1.353e-05	3.609e-21	0.00258766241852886	103.785582
4_103722238_G_A	4	103722238	1.509e-05	6.333e-21	0.00258441902369418	103.722238
4_103709663_A_G	4	103709663	9.608e-06	7.114e-21	0.00258259325934597	103.709663
4_103776867_G_A	4	103776867	1.497e-05	9.391e-22	0.00257718136536703	103.776867
4_103674329_T_C	4	103674329	0.774	0.02776	0.00257426611340684	103.674329
4_103774795_T_C	4	103774795	0.5935	0.1507	0.00255770270721509	103.774795
4_103770579_C_T	4	103770579	1.179e-05	4.82e-22	0.00254337603788096	103.770579
4_103690988_A_G	4	103690988	0.006383	8.233e-11	0.0025195903982202	103.690988
4_103757641_T_C	4	103757641	1.446e-05	4.158e-21	0.00250958511560454	103.757641
4_103712209_C_G	4	103712209	2.11e-05	5.63e-21	0.00249950029919924	103.712209
4_103769892_T_C	4	103769892	1.388e-05	6.043e-22	0.00249933653635529	103.769892
4_103754500_G_A	4	103754500	1.445e-05	4.158e-21	0.00248949849174388	103.7545
4_103753371_A_C	4	103753371	1.469e-05	4.158e-21	0.00248394456298515	103.753371
4_103794927_T_A	4	103794927	1.354e-05	7.279e-21	0.00248130761881189	103.794927
4_103809914_C_A	4	103809914	1.436e-05	1.518e-20	0.00236160729925663	103.809914
4_103668344_T_G	4	103668344	0.06774	0.01481	0.0023057732567482	103.668344
4_103641655_G_A	4	103641655	0.01011	0.9431	0.00227839248413181	103.641655
4_103679117_G_T	4	103679117	0.007042	3.673e-08	0.00222659190016019	103.679117
4_103769304_T_C	4	103769304	0.01001	7.056e-07	0.00216906003940043	103.769304
4_103802824_T_C	4	103802824	0.008873	1.996e-06	0.00214951877208991	103.802824
4_103658651_T_G	4	103658651	0.002271	6.158e-05	0.00209188788427913	103.658651
4_103645082_C_T	4	103645082	0.02616	0.5271	0.00209076389690437	103.645082
4_103713346_A_G	4	103713346	1.512e-05	7.114e-21	0.00202848193598596	103.713346
4_103682810_C_T	4	103682810	0.2261	0.9614	0.00202292455649413	103.68281
4_103653976_T_C	4	103653976	8.61e-05	7.575e-19	0.00182549299941568	103.653976
4_103732568_G_T	4	103732568	1.235e-05	1.722e-21	0.00180448060559852	103.732568
4_103671679_T_A	4	103671679	0.8014	0.1725	0.00162422863800773	103.671679
4_103732287_T_G	4	103732287	0.004306	8.233e-11	0.00157751635433449	103.732287
4_103801182_C_T	4	103801182	0.06367	0.6236	0.00147981000331148	103.801182
4_103794188_T_A	4	103794188	1.374e-05	7.279e-21	0.00145683912024363	103.794188
4_103758301_T_C	4	103758301	0.009425	1.252e-06	0.0014562270681767	103.758301
4_103783049_A_C	4	103783049	0.03964	0.3108	0.00144362905300955	103.783049
4_103780523_T_C	4	103780523	1.632e-05	7.411e-21	0.00141099264240995	103.780523
4_103702145_A_G	4	103702145	0.005845	8.945e-12	0.00139564009388838	103.702145
4_103820499_A_G	4	103820499	0.0172	2.082e-05	0.0013810960538385	103.820499
4_103700422_G_C	4	103700422	1.868e-05	6.333e-21	0.00137278121900784	103.700422
4_103788211_A_G	4	103788211	1.382e-05	3.609e-21	0.0013725693139018	103.788211
4_103688017_T_C	4	103688017	2.663e-05	8.081e-21	0.00130259998852817	103.688017
4_103654439_A_G	4	103654439	0.1956	0.01025	0.00107243985970046	103.654439
4_103789782_G_A	4	103789782	0.005576	3.382e-11	0.000997957105070475	103.789782
4_103675058_G_T	4	103675058	0.03487	0.1507	0.000971758141146756	103.675058
4_103726568_C_T	4	103726568	0.5107	0.5405	0.000881066653847929	103.726568
4_103713894_G_T	4	103713894	0.004896	0.01679	0.000866469085784126	103.713894
4_103715355_G_C	4	103715355	0.005191	8.233e-11	0.000837453892554977	103.715355
4_103762046_C_T	4	103762046	0.06909	0.008623	0.000829926265927396	103.762046
4_103804194_C_T	4	103804194	0.003303	3.213e-10	0.000825153116705483	103.804194
4_103815289_A_G	4	103815289	2.074e-05	1.964e-21	0.000819584520207802	103.815289
4_103670772_G_T	4	103670772	0.6477	0.1507	7.82872515708978e-06	103.670772
4_103670544_G_A	4	103670544	0.01314	0.01105	4.06530213706404e-10	103.670544
4_103826036_A_G	4	103826036	3.571e-05	1.095e-20	2.5393922915922e-11	103.826036
4_103769234_T_C	4	103769234	1.114e-05	4.27e-22	2.94595617353913e-14	103.769234
4_103688439_C_T	4	103688439	0.006	8.233e-11	2.92065690274684e-14	103.688439
4_103687208_A_G	4	103687208	2.578e-05	3.045e-21	2.85221939372e-14	103.687208
4_103802579_A_G	4	103802579	5.111e-06	5.833e-21	2.82672608665819e-14	103.802579
4_103769313_C_T	4	103769313	0.0215	0.3605	2.65037029623308e-14	103.769313
4_103794719_A_C	4	103794719	0.04887	0.05743	2.48389974819168e-14	103.794719
4_103725334_C_T	4	103725334	1.63e-05	7.114e-21	1.3351579007312e-14	103.725334
4_103721059_T_C	4	103721059	1.176e-05	4.158e-21	9.12409888315111e-15	103.721059
4_103692900_C_A	4	103692900	0.01665	0.005007	9.05193035140485e-15	103.6929
4_103799569_G_A	4	103799569	1.4e-05	7.279e-21	6.10343678575787e-15	103.799569
4_103693143_G_C	4	103693143	3.305e-05	1.234e-21	4.42727861487324e-15	103.693143
4_103803106_C_T	4	103803106	1.497e-05	7.279e-21	4.31434958982032e-15	103.803106
4_103696253_G_A	4	103696253	0.5962	0.6133	3.95957791998536e-15	103.696253
4_103719906_A_G	4	103719906	1.369e-05	7.114e-21	3.89695918460869e-15	103.719906
4_103678338_T_C	4	103678338	0.7189	0.1725	3.76683176100863e-15	103.678338
4_103770794_G_C	4	103770794	1.643e-05	6.043e-22	3.59933106539505e-15	103.770794
4_103737028_A_C	4	103737028	1.146e-05	3.362e-21	3.33208622058408e-15	103.737028
4_103725297_G_A	4	103725297	0.05847	0.979	3.24533162411156e-15	103.725297
4_103813881_C_T	4	103813881	2.076e-05	7.279e-21	2.96005425716553e-15	103.813881
4_103674538_T_C	4	103674538	0.6681	0.1507	2.80018893093664e-15	103.674538
4_103742413_T_C	4	103742413	1.591e-05	4.158e-21	2.27453727034153e-15	103.742413
4_103773682_G_C	4	103773682	0.5829	0.1507	1.62635880020177e-15	103.773682
4_103702937_G_A	4	103702937	0.5527	0.1507	1.6026004217406e-15	103.702937
4_103672724_T_C	4	103672724	0.7075	0.4266	1.52301457414846e-15	103.672724
4_103690391_T_C	4	103690391	2.93e-05	3.045e-21	1.36970097557199e-15	103.690391
4_103698324_C_A	4	103698324	0.1613	0.8847	1.10874594095118e-15	103.698324
4_103693621_C_T	4	103693621	3.097e-05	2.893e-21	5.59830720868209e-16	103.693621
4_103753735_T_G	4	103753735	1.116e-05	2.986e-21	3.2362016473907e-17	103.753735
4_103813734_C_T	4	103813734	2.082e-05	7.279e-21	9.5770082874963e-18	103.813734
4_103685218_C_T	4	103685218	0.4684	0.9439	5.23662038043498e-18	103.685218
4_103633815_G_A	4	103633815	0.003968	0.01292	1.73998991087222e-18	103.633815
4_103748797_A_G	4	103748797	1.595e-05	4.158e-21	1.30070452913591e-18	103.748797
4_103643021_C_T	4	103643021	0.6515	0.001293	1.11306043505983e-18	103.643021
4_103760794_G_A	4	103760794	0.004953	2.081e-05	7.91412145203135e-19	103.760794
4_103767339_T_G	4	103767339	1.071e-05	4.82e-22	7.8237458133241e-19	103.767339
4_103711434_C_T	4	103711434	2.057e-05	5.63e-21	7.46283164963343e-19	103.711434
4_103761537_T_C	4	103761537	0.0827	0.1007	7.15901321231982e-19	103.761537
4_103777146_C_T	4	103777146	0.2655	0.9614	5.04191404402532e-19	103.777146
4_103732173_C_T	4	103732173	1.716e-05	4.158e-21	4.65630670166979e-19	103.732173
4_103760515_A_C	4	103760515	0.7032	0.2001	2.96015390685733e-19	103.760515
4_103713359_C_T	4	103713359	2.064e-05	5.63e-21	2.77063279163845e-19	103.713359
4_103749516_C_G	4	103749516	1.221e-05	2.986e-21	2.01888975876839e-19	103.749516
4_103765916_G_A	4	103765916	1.032e-05	4.82e-22	1.58971499983543e-19	103.765916
4_103800194_G_A	4	103800194	0.009803	1.996e-06	1.43798855966043e-19	103.800194
4_103805801_A_T	4	103805801	0.4918	0.0005476	5.70835892707376e-20	103.805801
4_103786588_G_A	4	103786588	1.08e-05	2.569e-21	6.24985926298205e-21	103.786588
4_103701331_A_C	4	103701331	1.857e-05	6.333e-21	1.39955552107282e-21	103.701331
4_103688038_T_C	4	103688038	3.352e-05	6.357e-21	1.25975501885426e-21	103.688038
4_103772252_A_G	4	103772252	1.111e-05	4.82e-22	1.04806234592799e-21	103.772252
4_103703529_A_C	4	103703529	1.641e-05	7.114e-21	1.010036422533e-21	103.703529
4_103830525_C_T	4	103830525	2.777e-05	1.173e-20	9.48716413130066e-22	103.830525
4_103736422_A_G	4	103736422	1.655e-05	4.158e-21	8.19826800431732e-22	103.736422
4_103692157_G_T	4	103692157	2.596e-05	3.045e-21	7.8136105767378e-22	103.692157
4_103802314_T_C	4	103802314	9.03e-06	5.833e-21	7.45157615949971e-22	103.802314
4_103823731_T_G	4	103823731	2.078e-05	1.095e-20	6.16730148646156e-22	103.823731
4_103705816_T_C	4	103705816	0.06576	0.01679	3.98541150362162e-22	103.705816
4_103724265_C_T	4	103724265	0.004471	8.233e-11	2.8058507332368e-22	103.724265
4_103786371_C_T	4	103786371	1.381e-05	3.609e-21	2.75083702925191e-22	103.786371
4_103732866_C_T	4	103732866	0.009754	1.788e-06	2.64384380468274e-22	103.732866
4_103741596_T_A	4	103741596	1.592e-05	4.158e-21	2.46524948399358e-22	103.741596
4_103739822_A_C	4	103739822	0.005663	8.068e-06	2.36441102517825e-22	103.739822
4_103748224_G_A	4	103748224	0.0888	0.003504	2.32937752377934e-22	103.748224
4_103726725_C_A	4	103726725	0.006096	8.068e-06	2.26590930707159e-22	103.726725
4_103764993_A_G	4	103764993	1.067e-05	1.116e-21	2.18956778792522e-22	103.764993
4_103748943_G_A	4	103748943	0.0851	0.003504	1.93673205459793e-22	103.748943
4_103726954_T_C	4	103726954	0.3788	0.8514	1.89928277822352e-22	103.726954
4_103726773_A_C	4	103726773	1.291e-05	3.362e-21	1.85580278016965e-22	103.726773
4_103672369_G_A	4	103672369	0.0275	0.3723	1.47704906502716e-22	103.672369
4_103825248_T_C	4	103825248	3.605e-05	1.095e-20	1.39842293558224e-22	103.825248
4_103779007_T_C	4	103779007	3.446e-05	9.532e-21	1.37280418858554e-22	103.779007
4_103634220_C_T	4	103634220	0.003559	0.01292	1.35606206040679e-22	103.63422
4_103798173_C_A	4	103798173	0.5876	0.1507	1.14049597280569e-22	103.798173
4_103771811_A_G	4	103771811	0.00356	3.213e-10	1.13075166206399e-22	103.771811
4_103734725_T_C	4	103734725	1.666e-05	4.158e-21	1.05324787489731e-22	103.734725
4_103825780_C_T	4	103825780	0.9002	0.1865	1.02933462803655e-22	103.82578
4_103728010_C_A	4	103728010	1.143e-05	4.158e-21	9.88890999900538e-23	103.72801
4_103738973_A_G	4	103738973	0.005247	8.945e-12	9.65185590204942e-23	103.738973
4_103641837_G_A	4	103641837	0.4906	0.1721	9.48694979737751e-23	103.641837
4_103723488_C_A	4	103723488	0.06199	0.979	9.35244115774621e-23	103.723488
4_103736345_T_A	4	103736345	0.05422	0.004159	8.85063315859957e-23	103.736345
4_103759091_G_A	4	103759091	1.319e-05	4.158e-21	8.62130320751469e-23	103.759091
4_103777392_G_A	4	103777392	7.898e-06	1.081e-21	8.6180172521705e-23	103.777392
4_103751133_T_A	4	103751133	1.089e-05	3.362e-21	8.39369828991122e-23	103.751133
4_103780496_T_C	4	103780496	2.066e-05	1.054e-20	8.35934842764952e-23	103.780496
4_103793659_T_C	4	103793659	1.317e-05	7.279e-21	8.13680959370761e-23	103.793659
4_103647047_C_T	4	103647047	0.1748	0.01018	7.80401077586008e-23	103.647047
4_103714500_T_G	4	103714500	0.00622	8.945e-12	7.57529466042855e-23	103.7145
4_103724101_A_C	4	103724101	0.06054	0.979	6.7005246040663e-23	103.724101
4_103733600_T_C	4	103733600	1.095e-05	2.986e-21	6.668071833502e-23	103.7336
4_103714182_T_G	4	103714182	2.027e-05	5.63e-21	6.05612454783446e-23	103.714182
4_103775704_C_T	4	103775704	1.67e-05	9.391e-22	5.04192635411916e-23	103.775704
4_103723993_T_C	4	103723993	1.961e-05	8.792e-21	4.68834471255211e-23	103.723993
4_103785051_G_A	4	103785051	0.0005042	1.049e-08	4.6331776364677e-23	103.785051
4_103720866_G_C	4	103720866	1.827e-05	5.63e-21	4.61874520027574e-23	103.720866
4_103695645_C_T	4	103695645	0.00526	8.233e-11	4.55794246995263e-23	103.695645
4_103817531_C_T	4	103817531	4.535e-05	6.032e-08	4.4844451874975e-23	103.817531
4_103689805_T_A	4	103689805	2.9e-05	3.045e-21	4.47298386133392e-23	103.689805
4_103816523_A_G	4	103816523	2.135e-05	3.808e-21	4.47146629858622e-23	103.816523
4_103818616_G_A	4	103818616	0.01398	0.1357	4.32229295594099e-23	103.818616
4_103779972_A_G	4	103779972	2.825e-05	1.054e-20	4.09017122894463e-23	103.779972
4_103749444_G_A	4	103749444	1.104e-05	3.362e-21	3.96518972847443e-23	103.749444
4_103689069_C_T	4	103689069	3.103e-05	2.695e-21	3.93379153867893e-23	103.689069
4_103715117_A_T	4	103715117	1.465e-05	7.114e-21	3.53341704531987e-23	103.715117
4_103742651_T_C	4	103742651	1.622e-05	4.158e-21	3.26691933085174e-23	103.742651
4_103693164_G_A	4	103693164	3.276e-05	1.234e-21	2.27834818670181e-23	103.693164
4_103796908_A_G	4	103796908	9.843e-06	5.833e-21	1.86502728346663e-23	103.796908
4_103761862_G_A	4	103761862	0.03806	0.001472	1.83187062885295e-23	103.761862
4_103778056_G_T	4	103778056	1.035e-05	1.36e-21	1.81580412649843e-23	103.778056
4_103668397_C_G	4	103668397	0.01866	0.9431	1.54669602256273e-23	103.668397
4_103692343_T_C	4	103692343	2.607e-05	3.045e-21	1.53009555896453e-23	103.692343
4_103685514_G_C	4	103685514	0.4172	0.2161	1.33280723852618e-23	103.685514
4_103701760_G_A	4	103701760	1.767e-05	7.58e-21	1.32305109635781e-23	103.70176
4_103812897_A_C	4	103812897	0.05558	0.05743	1.29482891195664e-23	103.812897
4_103675586_C_G	4	103675586	0.7986	0.1725	1.26133905378777e-23	103.675586
4_103640758_T_C	4	103640758	0.2359	0.04634	1.2433607159885e-23	103.640758
4_103683546_A_C	4	103683546	0.09739	0.005739	1.20789182946989e-23	103.683546
4_103827426_G_A	4	103827426	0.5886	0.1507	1.20343833976389e-23	103.827426
4_103715385_C_T	4	103715385	8.761e-06	7.114e-21	1.19861814136596e-23	103.715385
4_103805799_A_G	4	103805799	1.288e-05	4.648e-21	1.19767620742747e-23	103.805799
4_103709571_A_T	4	103709571	2.12e-05	5.63e-21	1.18966280083345e-23	103.709571
4_103761608_G_T	4	103761608	0.07956	0.003415	1.16890457323946e-23	103.761608
4_103799532_C_T	4	103799532	8.516e-06	7.503e-21	1.16461374688058e-23	103.799532
4_103701818_C_T	4	103701818	2.023e-05	6.748e-21	1.16371178787847e-23	103.701818
4_103738108_T_C	4	103738108	1.193e-05	3.362e-21	1.15934704909418e-23	103.738108
4_103794717_G_C	4	103794717	1.353e-05	7.279e-21	1.12301009360758e-23	103.794717
4_103790186_G_T	4	103790186	1.544e-05	1.518e-20	1.12030793662725e-23	103.790186
4_103811377_A_C	4	103811377	1.451e-05	1.191e-20	1.11667019100624e-23	103.811377
4_103812499_A_G	4	103812499	1.143e-05	5.833e-21	1.10468166662455e-23	103.812499
4_103802026_A_G	4	103802026	0.004442	5.959e-06	1.10300688184531e-23	103.802026
4_103731737_T_C	4	103731737	1.079e-05	3.362e-21	1.01003666515091e-23	103.731737
4_103804061_G_T	4	103804061	0.4115	0.9267	9.72790323597889e-24	103.804061
4_103780922_C_T	4	103780922	1.955e-05	7.411e-21	9.65765121122982e-24	103.780922
4_103701536_G_A	4	103701536	0.006067	1.355e-05	9.54095910475212e-24	103.701536
4_103750268_C_T	4	103750268	1.047e-05	3.362e-21	9.4649591876079e-24	103.750268
4_103809645_T_G	4	103809645	1.457e-05	7.279e-21	9.35535289013584e-24	103.809645
4_103712337_A_T	4	103712337	2.471e-05	5.63e-21	9.34687977547718e-24	103.712337
4_103759002_G_C	4	103759002	0.05157	0.005385	9.31715968325842e-24	103.759002
4_103732845_A_C	4	103732845	7.563e-06	1.352e-07	9.3040342534805e-24	103.732845
4_103738243_G_A	4	103738243	1.713e-05	4.158e-21	8.0424658825995e-24	103.738243
4_103710930_G_A	4	103710930	1.58e-05	7.114e-21	7.82207886205568e-24	103.71093
4_103730493_T_G	4	103730493	1.725e-05	4.158e-21	4.59821595787025e-24	103.730493
4_103781159_C_T	4	103781159	2.848e-05	3.267e-21	4.58696937199145e-24	103.781159
4_103711052_T_C	4	103711052	1.653e-05	6.333e-21	4.51796238718565e-24	103.711052
4_103728206_T_C	4	103728206	0.3454	0.0004881	4.51166754336321e-24	103.728206
4_103754645_A_G	4	103754645	1.37e-05	4.158e-21	4.07848906379167e-24	103.754645
