SNP	chr	pos	GWAS_P	EQTL_P	PP_H4	BP_Mb
4_103713346_A_G	4	103713346	1.512e-05	1.971e-05	0.020328968458828	103.713346
4_103690466_C_T	4	103690466	3.043e-05	1.81e-05	0.0122561990051618	103.690466
4_103747541_G_A	4	103747541	0.005197	0.0001482	0.0119310306206248	103.747541
4_103738972_T_C	4	103738972	0.01042	0.05042	0.0115271531607219	103.738972
4_103658651_T_G	4	103658651	0.002271	0.08956	0.0111776647162361	103.658651
4_103789810_C_A	4	103789810	1.055e-05	1.386e-05	0.0110679760643214	103.78981
4_103726568_C_T	4	103726568	0.5107	0.2008	0.0108272666393084	103.726568
4_103701760_G_A	4	103701760	1.767e-05	2e-05	0.0108256334664314	103.70176
4_103804194_C_T	4	103804194	0.003303	0.0002662	0.0107134948953192	103.804194
4_103736988_A_C	4	103736988	0.004828	2.804e-05	0.0106930018345462	103.736988
4_103712589_G_A	4	103712589	1.521e-05	1.971e-05	0.010331127578345	103.712589
4_103803402_A_G	4	103803402	0.3943	0.3302	0.0103135293440165	103.803402
4_103677515_G_A	4	103677515	0.6655	0.5766	0.00980313608789788	103.677515
4_103704060_T_C	4	103704060	1.82e-05	1.682e-05	0.00979668088812518	103.70406
4_103799528_T_C	4	103799528	1.285e-05	7.673e-06	0.00971355111642135	103.799528
4_103747122_T_G	4	103747122	0.4287	0.7423	0.00965058470036563	103.747122
4_103792253_G_A	4	103792253	0.556	0.04801	0.00942623645386049	103.792253
4_103797334_G_A	4	103797334	1.458e-05	7.673e-06	0.00927792878675648	103.797334
4_103668899_G_A	4	103668899	0.02878	0.05651	0.00904220527865496	103.668899
4_103685471_G_A	4	103685471	3.715e-05	1.399e-05	0.00902037436141593	103.685471
4_103640143_A_G	4	103640143	0.5738	0.9324	0.00902037436141593	103.640143
4_103719741_C_T	4	103719741	2.061e-05	1.23e-05	0.00899719288946758	103.719741
4_103703999_A_G	4	103703999	0.2924	0.5766	0.00898146267558821	103.703999
4_103722487_G_A	4	103722487	2.19e-05	1.095e-05	0.00894481179502181	103.722487
4_103744105_A_C	4	103744105	0.5882	0.5766	0.00893946421243679	103.744105
4_103647335_A_G	4	103647335	0.3461	0.9944	0.00892346081673105	103.647335
4_103821891_T_C	4	103821891	2.055e-05	3.276e-06	0.008913828382019	103.821891
4_103745756_A_G	4	103745756	1.573e-05	5.372e-06	0.00878203645469646	103.745756
4_103738232_G_C	4	103738232	1.383e-05	8.348e-06	0.00867574426338235	103.738232
4_103733600_T_C	4	103733600	1.095e-05	8.348e-06	0.00865575317188491	103.7336
4_103754591_G_C	4	103754591	1.459e-05	5.372e-06	0.00863919708906286	103.754591
4_103773405_G_C	4	103773405	0.06247	0.969	0.0086153159824788	103.773405
4_103785857_T_C	4	103785857	1.092e-05	1.618e-05	0.00856117831506688	103.785857
4_103689317_T_C	4	103689317	3.699e-05	1.393e-05	0.00852005683986145	103.689317
4_103635183_T_C	4	103635183	0.02115	0.1922	0.0083389973445836	103.635183
4_103822833_G_A	4	103822833	3.627e-05	3.276e-06	0.00833752599045752	103.822833
4_103673907_A_C	4	103673907	0.7103	0.3273	0.00832365719920684	103.673907
4_103712066_C_T	4	103712066	0.2755	0.5766	0.00831443765474718	103.712066
4_103820886_G_A	4	103820886	3.612e-05	2.424e-06	0.00828233390516311	103.820886
4_103727018_A_T	4	103727018	9.073e-06	9.848e-06	0.00826940088542379	103.727018
4_103805801_A_T	4	103805801	0.4918	0.6488	0.00825945350567632	103.805801
4_103691796_A_G	4	103691796	0.01445	0.05793	0.00820541830690041	103.691796
4_103672724_T_C	4	103672724	0.7075	0.3273	0.00805254489878396	103.672724
4_103799532_C_T	4	103799532	8.516e-06	1.47e-05	0.00801947318245352	103.799532
4_103689805_T_A	4	103689805	2.9e-05	2.122e-05	0.00789460139983149	103.689805
4_103658762_C_A	4	103658762	0.01348	0.9704	0.00783502878739057	103.658762
4_103736180_T_G	4	103736180	1.179e-05	9.848e-06	0.00783502878739057	103.73618
4_103724101_A_C	4	103724101	0.06054	0.969	0.00783375049257454	103.724101
4_103751251_A_G	4	103751251	1.098e-05	9.848e-06	0.00782034215090225	103.751251
4_103738108_T_C	4	103738108	1.193e-05	9.848e-06	0.00780010656492319	103.738108
4_103714494_T_G	4	103714494	2.037e-05	8.305e-06	0.007764340153703	103.714494
4_103684953_C_G	4	103684953	2.93e-05	2.241e-05	0.00763522144478127	103.684953
4_103641837_G_A	4	103641837	0.4906	0.7874	0.00762985063677766	103.641837
4_103773501_G_A	4	103773501	1.649e-05	5.958e-06	0.00761334089490634	103.773501
4_103768107_G_A	4	103768107	0.04488	0.01967	0.00760894188211059	103.768107
4_103781065_T_C	4	103781065	1.498e-05	4.451e-06	0.00754667936930609	103.781065
4_103731282_G_A	4	103731282	0.005441	0.0001482	0.00752404100768155	103.731282
4_103749747_G_C	4	103749747	0.08877	0.006434	0.00748770025027457	103.749747
4_103690256_A_G	4	103690256	3.701e-05	1.438e-05	0.00744890375963328	103.690256
4_103813318_C_T	4	103813318	0.006373	0.00049	0.00741679919178748	103.813318
4_103637334_T_C	4	103637334	0.02439	0.5764	0.00739078678477848	103.637334
4_103738355_C_T	4	103738355	1.742e-05	5.372e-06	0.00727930680087713	103.738355
4_103802242_T_C	4	103802242	0.003357	0.0002662	0.00723662319484861	103.802242
4_103746753_C_T	4	103746753	0.0039	7.518e-05	0.00722395378897482	103.746753
4_103701196_A_C	4	103701196	1.715e-05	1.971e-05	0.00718862845278756	103.701196
4_103756076_C_T	4	103756076	9.894e-06	9.848e-06	0.00711532825182282	103.756076
4_103764209_A_G	4	103764209	1.564e-05	4.644e-06	0.00711068165782596	103.764209
4_103654439_A_G	4	103654439	0.1956	0.5288	0.00710493774700295	103.654439
4_103651962_A_C	4	103651962	4.123e-05	0.001931	0.00700807227487544	103.651962
4_103725894_G_A	4	103725894	1.467e-05	1.971e-05	0.00699643544389967	103.725894
4_103656507_A_G	4	103656507	0.08971	0.7326	0.00694519796044566	103.656507
4_103767339_T_G	4	103767339	1.071e-05	8.948e-06	0.00693420298578188	103.767339
4_103765156_A_G	4	103765156	0.8268	0.3815	0.00691847613108396	103.765156
4_103734219_C_T	4	103734219	0.005387	0.0001482	0.00683133988604061	103.734219
4_103773682_G_C	4	103773682	0.5829	0.5766	0.00676149758179833	103.773682
4_103818734_T_C	4	103818734	3.391e-05	6.542e-06	0.00672148560761865	103.818734
4_103702937_G_A	4	103702937	0.5527	0.5766	0.00669147214292101	103.702937
4_103726954_T_C	4	103726954	0.3788	0.193	0.00664543801159685	103.726954
4_103701818_C_T	4	103701818	2.023e-05	1.468e-05	0.00662853247991368	103.701818
4_103731725_G_A	4	103731725	1.131e-05	9.848e-06	0.00641703078554658	103.731725
4_103640758_T_C	4	103640758	0.2359	0.919	0.00640656477917762	103.640758
4_103647848_T_C	4	103647848	0.01604	0.688	0.00637564047947198	103.647848
4_103702145_A_G	4	103702145	0.005845	0.0001482	0.00634927992721951	103.702145
4_103780523_T_C	4	103780523	1.632e-05	8.124e-06	0.00631276335726804	103.780523
4_103715355_G_C	4	103715355	0.005191	2.804e-05	0.00627016128595511	103.715355
4_103813594_T_C	4	103813594	2.011e-05	7.673e-06	0.00616328154497728	103.813594
4_103783049_A_C	4	103783049	0.03964	0.05537	0.00607987951728701	103.783049
4_103766720_G_A	4	103766720	0.1746	0.7733	0.00606518490021208	103.76672
4_103692900_C_A	4	103692900	0.01665	0.02062	0.00576881054080456	103.6929
4_103698324_C_A	4	103698324	0.1613	0.9951	0.00576338423734844	103.698324
4_103783500_T_A	4	103783500	2.02e-05	9.161e-06	0.00568114881517344	103.7835
4_103700878_C_T	4	103700878	1.702e-05	1.971e-05	0.00565753535163562	103.700878
4_103706344_G_T	4	103706344	0.5536	0.5766	0.0056520410973539	103.706344
4_103744958_A_C	4	103744958	1.138e-05	9.848e-06	0.00564814620562954	103.744958
4_103680984_A_G	4	103680984	0.01185	0.02779	0.00534692314516554	103.680984
4_103786588_G_A	4	103786588	1.08e-05	1.618e-05	0.00534448113596916	103.786588
4_103675058_G_T	4	103675058	0.03487	0.5766	0.00527809995558877	103.675058
4_103713894_G_T	4	103713894	0.004896	0.5362	0.0052559619902967	103.713894
4_103693143_G_C	4	103693143	3.305e-05	1.111e-05	0.00523647155474694	103.693143
4_103778434_A_G	4	103778434	1.701e-05	8.986e-06	0.00523005729177473	103.778434
4_103753371_A_C	4	103753371	1.469e-05	5.372e-06	0.0051202536842468	103.753371
4_103682810_C_T	4	103682810	0.2261	0.1588	0.00508048181472607	103.68281
4_103645082_C_T	4	103645082	0.02616	0.4668	0.00506656295010872	103.645082
4_103786560_G_A	4	103786560	1.603e-05	8.986e-06	0.00506588091320365	103.78656
4_103698786_G_C	4	103698786	0.01238	0.07043	0.00506559336557059	103.698786
4_103633894_T_C	4	103633894	0.007387	0.158	0.00492789187051287	103.633894
4_103801182_C_T	4	103801182	0.06367	0.8588	0.00488635502342144	103.801182
4_103721059_T_C	4	103721059	1.176e-05	5.372e-06	0.00487625466719957	103.721059
4_103732287_T_G	4	103732287	0.004306	2.804e-05	0.00482639800360115	103.732287
4_103695484_T_C	4	103695484	2.26e-05	1.23e-05	0.00466870475069192	103.695484
4_103666965_C_T	4	103666965	0.06661	0.5592	0.00463896537478591	103.666965
4_103742651_T_C	4	103742651	1.622e-05	5.372e-06	0.00446797034076259	103.742651
4_103744071_T_C	4	103744071	1.577e-05	5.372e-06	0.00403909756456803	103.744071
4_103732568_G_T	4	103732568	1.235e-05	1.487e-05	0.0039283373304992	103.732568
4_103785845_C_T	4	103785845	0.005527	0.0009708	0.00379556902565286	103.785845
4_103724265_C_T	4	103724265	0.004471	2.804e-05	0.00366654731392288	103.724265
4_103760250_A_C	4	103760250	0.001244	1.941e-05	0.00357624259273122	103.76025
4_103671679_T_A	4	103671679	0.8014	0.8864	0.0035368791564875	103.671679
4_103802824_T_C	4	103802824	0.008873	0.03185	0.00350342944367647	103.802824
4_103752302_A_T	4	103752302	1.057e-05	9.848e-06	0.00346365135703831	103.752302
4_103747286_G_A	4	103747286	0.1178	0.6961	0.00343854862016861	103.747286
4_103709663_A_G	4	103709663	9.608e-06	1.971e-05	0.00339085583296821	103.709663
4_103776867_G_A	4	103776867	1.497e-05	5.958e-06	0.00338467275910296	103.776867
4_103674329_T_C	4	103674329	0.774	0.01221	0.00337992257769176	103.674329
4_103690988_A_G	4	103690988	0.006383	2.804e-05	0.00330998778117081	103.690988
4_103776519_A_G	4	103776519	0.07308	0.01967	0.00330909620478346	103.776519
4_103757641_T_C	4	103757641	1.446e-05	5.372e-06	0.00329499865949968	103.757641
4_103712209_C_G	4	103712209	2.11e-05	1.23e-05	0.00328175764355241	103.712209
4_103754500_G_A	4	103754500	1.445e-05	5.372e-06	0.00326862561549204	103.7545
4_103700749_T_C	4	103700749	0.2846	0.5766	0.00317584442751006	103.700749
4_103759189_T_C	4	103759189	1.054e-05	8.348e-06	0.00310228111850294	103.759189
4_103809914_C_A	4	103809914	1.436e-05	8.166e-06	0.00310070889284851	103.809914
4_103737051_C_T	4	103737051	1.577e-05	5.372e-06	0.00309825418788636	103.737051
4_103668344_T_G	4	103668344	0.06774	0.5078	0.00305641499925729	103.668344
4_103713097_A_G	4	103713097	0.5614	0.5766	0.00301040454576576	103.713097
4_103741940_A_C	4	103741940	0.004219	2.804e-05	0.00299344497937675	103.74194
4_103679117_G_T	4	103679117	0.007042	0.05196	0.00295145624616704	103.679117
4_103794536_C_T	4	103794536	1.001e-05	1.386e-05	0.00289796228950992	103.794536
4_103643128_G_A	4	103643128	0.03989	0.8629	0.00288694871633238	103.643128
4_103769304_T_C	4	103769304	0.01001	0.02622	0.00284867744539657	103.769304
4_103774795_T_C	4	103774795	0.5935	0.5766	0.00284301607912347	103.774795
4_103770579_C_T	4	103770579	1.179e-05	8.948e-06	0.00282709126066731	103.770579
4_103741957_A_G	4	103741957	1.177e-05	9.848e-06	0.00280260494738669	103.741957
4_103785582_G_A	4	103785582	1.353e-05	1.058e-05	0.00278472416024408	103.785582
4_103769892_T_C	4	103769892	1.388e-05	4.887e-06	0.00268967187819122	103.769892
4_103794927_T_A	4	103794927	1.354e-05	7.673e-06	0.00267026998020535	103.794927
4_103641655_G_A	4	103641655	0.01011	0.9704	0.00256242760358488	103.641655
4_103701777_T_C	4	103701777	1.95e-05	1.468e-05	0.00238242520679271	103.701777
4_103675108_G_C	4	103675108	0.006768	0.04832	0.00236259279943779	103.675108
4_103758301_T_C	4	103758301	0.009425	0.05701	0.00184022022735841	103.758301
4_103788211_A_G	4	103788211	1.382e-05	1.058e-05	0.00174222598034429	103.788211
4_103722238_G_A	4	103722238	1.509e-05	1.682e-05	0.00172860656428728	103.722238
4_103710183_T_C	4	103710183	2.129e-05	1.23e-05	0.00169932590188668	103.710183
4_103729743_T_A	4	103729743	1.718e-05	5.372e-06	0.00169361264770301	103.729743
4_103786116_C_T	4	103786116	1.596e-05	8.986e-06	0.00168817801524893	103.786116
4_103709386_C_T	4	103709386	2.138e-05	1.23e-05	0.00168141325906131	103.709386
4_103827488_T_G	4	103827488	3.445e-05	3.276e-06	0.00166788694973986	103.827488
4_103638420_T_C	4	103638420	0.1562	0.8598	0.00163727203638686	103.63842
4_103827132_A_G	4	103827132	3.653e-05	3.276e-06	0.00154821211183472	103.827132
4_103794188_T_A	4	103794188	1.374e-05	7.673e-06	0.00152038537681171	103.794188
4_103731938_A_T	4	103731938	0.002834	0.03693	0.00151967277184338	103.731938
4_103688303_C_T	4	103688303	0.6106	0.6497	0.00150490171011227	103.688303
4_103632963_C_T	4	103632963	0.003715	0.1612	0.00143495489490658	103.632963
4_103670772_G_T	4	103670772	0.6477	0.5766	0.000455768896108608	103.670772
4_103799569_G_A	4	103799569	1.4e-05	7.673e-06	5.10315653523505e-05	103.799569
4_103826036_A_G	4	103826036	3.571e-05	3.276e-06	5.07203347691939e-05	103.826036
4_103803106_C_T	4	103803106	1.497e-05	7.673e-06	3.86446103388738e-05	103.803106
4_103719893_G_A	4	103719893	1.945e-05	1.23e-05	2.9422354129029e-05	103.719893
4_103670544_G_A	4	103670544	0.01314	0.1192	2.25498903357971e-05	103.670544
4_103696253_G_A	4	103696253	0.5962	0.332	1.1336253202446e-05	103.696253
4_103719906_A_G	4	103719906	1.369e-05	1.971e-05	1.11337707909904e-05	103.719906
4_103678338_T_C	4	103678338	0.7189	0.8864	1.07619914524468e-05	103.678338
4_103770794_G_C	4	103770794	1.643e-05	4.887e-06	1.00812855025922e-05	103.770794
4_103737028_A_C	4	103737028	1.146e-05	9.848e-06	9.42532959783294e-06	103.737028
4_103725297_G_A	4	103725297	0.05847	0.969	9.29136937327151e-06	103.725297
4_103813881_C_T	4	103813881	2.076e-05	7.673e-06	8.2907494552391e-06	103.813881
4_103674538_T_C	4	103674538	0.6681	0.5766	7.84298625524526e-06	103.674538
4_103693621_C_T	4	103693621	3.097e-05	1.934e-05	5.61755088984236e-06	103.693621
4_103769234_T_C	4	103769234	1.114e-05	7.589e-06	2.58154334418906e-06	103.769234
4_103688439_C_T	4	103688439	0.006	2.804e-05	2.55937357645344e-06	103.688439
4_103687208_A_G	4	103687208	2.578e-05	2.122e-05	2.49940174200864e-06	103.687208
4_103802579_A_G	4	103802579	5.111e-06	1.386e-05	2.47706194016165e-06	103.802579
4_103732845_A_C	4	103732845	7.563e-06	0.005014	2.43788615335729e-06	103.732845
4_103732173_C_T	4	103732173	1.716e-05	5.372e-06	2.40227271930477e-06	103.732173
4_103769313_C_T	4	103769313	0.0215	0.6128	2.32252124431885e-06	103.769313
4_103832044_T_A	4	103832044	0.01178	0.01435	2.27786113709817e-06	103.832044
4_103794719_A_C	4	103794719	0.04887	0.01967	2.19634753380269e-06	103.794719
4_103690391_T_C	4	103690391	2.93e-05	2.122e-05	2.00522518677353e-06	103.690391
4_103700422_G_C	4	103700422	1.868e-05	1.682e-05	9.07052901084861e-07	103.700422
4_103759091_G_A	4	103759091	1.319e-05	5.372e-06	8.2712284418127e-07	103.759091
4_103771245_T_C	4	103771245	0.02553	0.969	5.48384111434928e-07	103.771245
4_103811384_A_G	4	103811384	0.4385	0.7202	5.4404657885642e-07	103.811384
4_103789782_G_A	4	103789782	0.005576	0.0009708	4.44898769516078e-07	103.789782
4_103701331_A_C	4	103701331	1.857e-05	1.682e-05	4.63745182377334e-08	103.701331
4_103800194_G_A	4	103800194	0.009803	0.03185	3.1898540773602e-08	103.800194
4_103725334_C_T	4	103725334	1.63e-05	1.971e-05	2.517686972244e-08	103.725334
4_103785051_G_A	4	103785051	0.0005042	0.005553	1.81020319160649e-08	103.785051
4_103633815_G_A	4	103633815	0.003968	0.1612	1.80539409589717e-08	103.633815
4_103656377_A_G	4	103656377	0.06417	0.5232	1.7249762168482e-08	103.656377
4_103688017_T_C	4	103688017	2.663e-05	2.327e-05	1.66454645993182e-08	103.688017
4_103742413_T_C	4	103742413	1.591e-05	5.372e-06	1.61159947233034e-08	103.742413
4_103805443_T_C	4	103805443	8.932e-06	1.386e-05	1.57996922439579e-08	103.805443
4_103813734_C_T	4	103813734	2.082e-05	7.673e-06	1.56247912317153e-08	103.813734
4_103823731_T_G	4	103823731	2.078e-05	3.276e-06	1.53480883023704e-08	103.823731
4_103688038_T_C	4	103688038	3.352e-05	1.456e-05	1.51669134674991e-08	103.688038
4_103748797_A_G	4	103748797	1.595e-05	5.372e-06	1.447817186006e-08	103.748797
4_103753735_T_G	4	103753735	1.116e-05	8.348e-06	1.3872197922028e-08	103.753735
4_103825780_C_T	4	103825780	0.9002	0.958	1.36881710784612e-08	103.82578
4_103817531_C_T	4	103817531	4.535e-05	0.001265	1.3166432177539e-08	103.817531
4_103685218_C_T	4	103685218	0.4684	0.8967	1.30306074470512e-08	103.685218
4_103726773_A_C	4	103726773	1.291e-05	9.848e-06	1.28633255229582e-08	103.726773
4_103710105_A_G	4	103710105	1.166e-05	0.004261	1.27019692765509e-08	103.710105
4_103772252_A_G	4	103772252	1.111e-05	8.948e-06	1.18966665958144e-08	103.772252
4_103703529_A_C	4	103703529	1.641e-05	1.971e-05	1.14710431386768e-08	103.703529
4_103676853_A_G	4	103676853	0.8116	0.8864	1.14646753358382e-08	103.676853
4_103760794_G_A	4	103760794	0.004953	0.9606	1.11518030762669e-08	103.760794
4_103830525_C_T	4	103830525	2.777e-05	5.386e-06	1.07664515497856e-08	103.830525
4_103825248_T_C	4	103825248	3.605e-05	3.276e-06	1.07122841438082e-08	103.825248
4_103711434_C_T	4	103711434	2.057e-05	1.23e-05	1.05158897866905e-08	103.711434
4_103643021_C_T	4	103643021	0.6515	0.8447	1.04770263817637e-08	103.643021
4_103672369_G_A	4	103672369	0.0275	0.05651	1.02030178891873e-08	103.672369
4_103779972_A_G	4	103779972	2.825e-05	5.265e-06	9.06606823330298e-09	103.779972
4_103766349_G_T	4	103766349	0.004101	0.0002662	9.04984663625371e-09	103.766349
4_103689069_C_T	4	103689069	3.103e-05	1.81e-05	8.71944486159211e-09	103.689069
4_103771811_A_G	4	103771811	0.00356	0.0002662	8.66206612499765e-09	103.771811
4_103692157_G_T	4	103692157	2.596e-05	2.122e-05	7.90600504635444e-09	103.692157
4_103765916_G_A	4	103765916	1.032e-05	8.948e-06	7.19391078273326e-09	103.765916
4_103777392_G_A	4	103777392	7.898e-06	9.255e-06	7.0556388805798e-09	103.777392
4_103777146_C_T	4	103777146	0.2655	0.1588	7.02092077214544e-09	103.777146
4_103736345_T_A	4	103736345	0.05422	0.3267	6.99687389617226e-09	103.736345
4_103807720_T_C	4	103807720	1.406e-05	8.623e-06	6.72656954162628e-09	103.80772
4_103780496_T_C	4	103780496	2.066e-05	5.265e-06	6.40355648769589e-09	103.780496
4_103760515_A_C	4	103760515	0.7032	0.8997	6.38568929880348e-09	103.760515
4_103802314_T_C	4	103802314	9.03e-06	1.386e-05	6.14872478319175e-09	103.802314
4_103647047_C_T	4	103647047	0.1748	0.6745	5.98556438965001e-09	103.647047
4_103713359_C_T	4	103713359	2.064e-05	1.23e-05	5.97685144934337e-09	103.713359
4_103749516_C_G	4	103749516	1.221e-05	8.348e-06	5.093747667836e-09	103.749516
4_103705816_T_C	4	103705816	0.06576	0.5362	5.03261865721212e-09	103.705816
4_103723488_C_A	4	103723488	0.06199	0.969	4.53381591243655e-09	103.723488
4_103723993_T_C	4	103723993	1.961e-05	1.095e-05	3.59579628290875e-09	103.723993
4_103695645_C_T	4	103695645	0.00526	2.804e-05	3.49578232745731e-09	103.695645
4_103750316_G_A	4	103750316	1.047e-05	9.848e-06	3.43061864497964e-09	103.750316
4_103816523_A_G	4	103816523	2.135e-05	4.835e-06	3.42945813104593e-09	103.816523
4_103761537_T_C	4	103761537	0.0827	0.008329	3.39980915899153e-09	103.761537
4_103749444_G_A	4	103749444	1.104e-05	9.848e-06	3.2361589277824e-09	103.749444
4_103818616_G_A	4	103818616	0.01398	0.4637	2.70422832012541e-09	103.818616
4_103693164_G_A	4	103693164	3.276e-05	1.111e-05	2.50522638219279e-09	103.693164
4_103715117_A_T	4	103715117	1.465e-05	1.971e-05	2.22002130122226e-09	103.715117
4_103732866_C_T	4	103732866	0.009754	0.05042	2.10644818482567e-09	103.732866
4_103751133_T_A	4	103751133	1.089e-05	9.848e-06	2.02191737737449e-09	103.751133
4_103692343_T_C	4	103692343	2.607e-05	2.122e-05	1.84093027119541e-09	103.692343
4_103634220_C_T	4	103634220	0.003559	0.1612	1.72622086724514e-09	103.63422
4_103831195_C_T	4	103831195	0.01048	0.0006311	1.611309092725e-09	103.831195
4_103748943_G_A	4	103748943	0.0851	0.5086	1.58474930875494e-09	103.748943
4_103820499_A_G	4	103820499	0.0172	0.01589	1.49494963378543e-09	103.820499
4_103736422_A_G	4	103736422	1.655e-05	5.372e-06	1.37492480863805e-09	103.736422
4_103731737_T_C	4	103731737	1.079e-05	9.848e-06	1.15700427230466e-09	103.731737
4_103812897_A_C	4	103812897	0.05558	0.01967	9.86749342859395e-10	103.812897
4_103675586_C_G	4	103675586	0.7986	0.8864	9.57119507250408e-10	103.675586
4_103748224_G_A	4	103748224	0.0888	0.5086	9.34508575318704e-10	103.748224
4_103714786_G_T	4	103714786	1.305e-05	1.23e-05	9.22234430175772e-10	103.714786
4_103796908_A_G	4	103796908	9.843e-06	1.386e-05	9.10464252183222e-10	103.796908
4_103668397_C_G	4	103668397	0.01866	0.9704	9.09922347704416e-10	103.668397
4_103701536_G_A	4	103701536	0.006067	0.7688	8.99333141866285e-10	103.701536
4_103761862_G_A	4	103761862	0.03806	0.2115	8.94277921283218e-10	103.761862
4_103778056_G_T	4	103778056	1.035e-05	2.129e-05	8.67480705068733e-10	103.778056
4_103786371_C_T	4	103786371	1.381e-05	1.058e-05	8.56220656550763e-10	103.786371
4_103794717_G_C	4	103794717	1.353e-05	7.673e-06	8.45286763926062e-10	103.794717
4_103714182_T_G	4	103714182	2.027e-05	1.23e-05	6.98850569740386e-10	103.714182
4_103741596_T_A	4	103741596	1.592e-05	5.372e-06	6.94181289304176e-10	103.741596
4_103762046_C_T	4	103762046	0.06909	0.5982	6.7245248983869e-10	103.762046
4_103685514_G_C	4	103685514	0.4172	0.5932	6.57249788264294e-10	103.685514
4_103739822_A_C	4	103739822	0.005663	0.9394	6.29671614181428e-10	103.739822
4_103728010_C_A	4	103728010	1.143e-05	5.372e-06	6.03185186426371e-10	103.72801
4_103710930_G_A	4	103710930	1.58e-05	1.971e-05	6.01704257307784e-10	103.71093
4_103738243_G_A	4	103738243	1.713e-05	5.372e-06	5.89802559544909e-10	103.738243
4_103827426_G_A	4	103827426	0.5886	0.5766	5.82567937575719e-10	103.827426
4_103729474_A_G	4	103729474	0.5083	0.2008	5.72171076995102e-10	103.729474
4_103715385_C_T	4	103715385	8.761e-06	1.971e-05	5.71873504150181e-10	103.715385
4_103805799_A_G	4	103805799	1.288e-05	8.623e-06	5.71424097417969e-10	103.805799
4_103709571_A_T	4	103709571	2.12e-05	1.23e-05	5.6760081563126e-10	103.709571
4_103636292_A_G	4	103636292	0.06689	0.5764	5.57696843761959e-10	103.636292
4_103714500_T_G	4	103714500	0.00622	0.0001482	5.57550021897161e-10	103.7145
4_103653976_T_C	4	103653976	8.61e-05	2.593e-05	5.56771895972518e-10	103.653976
4_103811855_C_T	4	103811855	0.03663	0.5112	5.55649644724281e-10	103.811855
4_103815289_A_G	4	103815289	2.074e-05	1.585e-06	5.55219310460736e-10	103.815289
4_103761608_G_T	4	103761608	0.07956	0.3279	5.53136847016266e-10	103.761608
4_103730493_T_G	4	103730493	1.725e-05	5.372e-06	5.50566005471358e-10	103.730493
4_103781159_C_T	4	103781159	2.848e-05	8.325e-06	5.49219398891933e-10	103.781159
4_103793659_T_C	4	103793659	1.317e-05	7.673e-06	5.42100834598531e-10	103.793659
4_103811377_A_C	4	103811377	1.451e-05	1.184e-05	5.32775262672929e-10	103.811377
4_103738973_A_G	4	103738973	0.005247	0.0001482	5.27510698402267e-10	103.738973
4_103812499_A_G	4	103812499	1.143e-05	1.386e-05	5.27055409776386e-10	103.812499
4_103802026_A_G	4	103802026	0.004442	0.1573	5.26256352088745e-10	103.802026
4_103726725_C_A	4	103726725	0.006096	0.9394	5.0411315575994e-10	103.726725
4_103734725_T_C	4	103734725	1.666e-05	5.372e-06	4.90988000132669e-10	103.734725
4_103764993_A_G	4	103764993	1.067e-05	8.326e-06	4.87128908415055e-10	103.764993
4_103750268_C_T	4	103750268	1.047e-05	9.848e-06	4.64215752648118e-10	103.750268
4_103780922_C_T	4	103780922	1.955e-05	8.124e-06	4.40454148634313e-10	103.780922
4_103779007_T_C	4	103779007	3.446e-05	4.451e-06	4.3500392248799e-10	103.779007
4_103809645_T_G	4	103809645	1.457e-05	7.673e-06	4.26667302667437e-10	103.809645
4_103712337_A_T	4	103712337	2.471e-05	1.23e-05	4.26280871389102e-10	103.712337
4_103759002_G_C	4	103759002	0.05157	0.3008	4.24925434375565e-10	103.759002
4_103754645_A_G	4	103754645	1.37e-05	5.372e-06	3.98428615405623e-10	103.754645
4_103711052_T_C	4	103711052	1.653e-05	1.682e-05	3.88259685197399e-10	103.711052
4_103728206_T_C	4	103728206	0.3454	0.7026	3.87718725828682e-10	103.728206
4_103720866_G_C	4	103720866	1.827e-05	1.23e-05	2.23182960276681e-10	103.720866
4_103775704_C_T	4	103775704	1.67e-05	5.958e-06	2.19532634978256e-10	103.775704
4_103683546_A_C	4	103683546	0.09739	0.552	1.56867672453061e-10	103.683546
4_103790186_G_T	4	103790186	1.544e-05	8.166e-06	1.22646322535493e-10	103.790186
4_103798173_C_A	4	103798173	0.5876	0.5766	9.44322192725564e-11	103.798173
4_103804061_G_T	4	103804061	0.4115	0.3302	8.72782613674769e-11	103.804061
