SNP	chr	pos	GWAS_P	EQTL_P	PP_H4	BP_Mb
4_103761537_T_C	4	103761537	0.0827	0.6555	0.0201882142242533	103.761537
4_103794719_A_C	4	103794719	0.04887	0.3955	0.0135920847847133	103.794719
4_103794536_C_T	4	103794536	1.001e-05	0.000196	0.0124466428974077	103.794536
4_103767339_T_G	4	103767339	1.071e-05	0.0003244	0.0118388103855844	103.767339
4_103805443_T_C	4	103805443	8.932e-06	0.000196	0.011716201764786	103.805443
4_103813594_T_C	4	103813594	2.011e-05	0.0002712	0.0110487358775948	103.813594
4_103766720_G_A	4	103766720	0.1746	0.1404	0.010791435566017	103.76672
4_103647848_T_C	4	103647848	0.01604	0.6479	0.0106196758283674	103.647848
4_103729474_A_G	4	103729474	0.5083	0.6444	0.0103869639621158	103.729474
4_103781159_C_T	4	103781159	2.848e-05	0.0001548	0.0101471883513113	103.781159
4_103706344_G_T	4	103706344	0.5536	0.879	0.0101007469461435	103.706344
4_103734219_C_T	4	103734219	0.005387	0.01118	0.00935752744310246	103.734219
4_103747122_T_G	4	103747122	0.4287	0.02855	0.00934299055081398	103.747122
4_103771245_T_C	4	103771245	0.02553	0.963	0.00927017305816076	103.771245
4_103742651_T_C	4	103742651	1.622e-05	0.000318	0.00917303500734064	103.742651
4_103737028_A_C	4	103737028	1.146e-05	0.0002304	0.00887647079252003	103.737028
4_103647335_A_G	4	103647335	0.3461	0.1313	0.00885222532323688	103.647335
4_103726725_C_A	4	103726725	0.006096	0.6286	0.00885222532323688	103.726725
4_103685218_C_T	4	103685218	0.4684	0.6829	0.008772359412061	103.685218
4_103712066_C_T	4	103712066	0.2755	0.879	0.00860175640615234	103.712066
4_103690256_A_G	4	103690256	3.701e-05	0.0001926	0.00852644042952774	103.690256
4_103751251_A_G	4	103751251	1.098e-05	0.0002304	0.00845980424155694	103.751251
4_103769234_T_C	4	103769234	1.114e-05	0.0004708	0.00841597092757345	103.769234
4_103747286_G_A	4	103747286	0.1178	0.7776	0.00832170055943712	103.747286
4_103695645_C_T	4	103695645	0.00526	0.01278	0.00831089853683352	103.695645
4_103766349_G_T	4	103766349	0.004101	0.02709	0.00827711440761614	103.766349
4_103680984_A_G	4	103680984	0.01185	0.01194	0.00826450627313027	103.680984
4_103730493_T_G	4	103730493	1.725e-05	0.000318	0.0082243557422583	103.730493
4_103722487_G_A	4	103722487	2.19e-05	0.0002369	0.00817613066122467	103.722487
4_103688038_T_C	4	103688038	3.352e-05	0.0001083	0.0081407715634706	103.688038
4_103725894_G_A	4	103725894	1.467e-05	0.0001707	0.00812212092891602	103.725894
4_103690988_A_G	4	103690988	0.006383	0.01278	0.00807524664454654	103.690988
4_103709663_A_G	4	103709663	9.608e-06	0.0001707	0.00802975352908853	103.709663
4_103779007_T_C	4	103779007	3.446e-05	0.000214	0.00799968724992224	103.779007
4_103688439_C_T	4	103688439	0.006	0.01278	0.00791811829877642	103.688439
4_103760794_G_A	4	103760794	0.004953	0.775	0.0079045598696586	103.760794
4_103802824_T_C	4	103802824	0.008873	0.02855	0.00785464144779045	103.802824
4_103773405_G_C	4	103773405	0.06247	0.963	0.00781688748410594	103.773405
4_103757641_T_C	4	103757641	1.446e-05	0.000318	0.00774408308920847	103.757641
4_103700422_G_C	4	103700422	1.868e-05	0.0002512	0.00770289719366615	103.700422
4_103721059_T_C	4	103721059	1.176e-05	0.000318	0.00769758903153207	103.721059
4_103732568_G_T	4	103732568	1.235e-05	0.0002783	0.00751783551124588	103.732568
4_103641655_G_A	4	103641655	0.01011	0.8612	0.0074698712711645	103.641655
4_103714786_G_T	4	103714786	1.305e-05	0.0001991	0.00731699456969207	103.714786
4_103741957_A_G	4	103741957	1.177e-05	0.0002304	0.00725013321089848	103.741957
4_103754645_A_G	4	103754645	1.37e-05	0.000318	0.00721489868856478	103.754645
4_103812897_A_C	4	103812897	0.05558	0.3955	0.00716285415128535	103.812897
4_103738108_T_C	4	103738108	1.193e-05	0.0002304	0.00714091729978834	103.738108
4_103753371_A_C	4	103753371	1.469e-05	0.000318	0.00705841551079028	103.753371
4_103698786_G_C	4	103698786	0.01238	0.03736	0.00696006698375473	103.698786
4_103744071_T_C	4	103744071	1.577e-05	0.000318	0.00692463458520689	103.744071
4_103732845_A_C	4	103732845	7.563e-06	0.2176	0.00673118195025374	103.732845
4_103675058_G_T	4	103675058	0.03487	0.879	0.00671407255665363	103.675058
4_103736422_A_G	4	103736422	1.655e-05	0.000318	0.00669038679769361	103.736422
4_103692343_T_C	4	103692343	2.607e-05	0.0001215	0.00651893066380333	103.692343
4_103729743_T_A	4	103729743	1.718e-05	0.000318	0.00647624875556396	103.729743
4_103821891_T_C	4	103821891	2.055e-05	0.0005349	0.00645790542396992	103.821891
4_103688303_C_T	4	103688303	0.6106	0.1371	0.00645029755643327	103.688303
4_103773501_G_A	4	103773501	1.649e-05	0.0004863	0.00643049648477168	103.773501
4_103727018_A_T	4	103727018	9.073e-06	0.0002304	0.00634693425204845	103.727018
4_103641837_G_A	4	103641837	0.4906	0.1254	0.00632916829470564	103.641837
4_103769892_T_C	4	103769892	1.388e-05	0.0004451	0.00630016776342042	103.769892
4_103768107_G_A	4	103768107	0.04488	0.3955	0.00623607026477774	103.768107
4_103811384_A_G	4	103811384	0.4385	0.04554	0.00618259131469137	103.811384
4_103713359_C_T	4	103713359	2.064e-05	0.0001991	0.00617248898491884	103.713359
4_103719906_A_G	4	103719906	1.369e-05	0.0001707	0.00612017315886767	103.719906
4_103736345_T_A	4	103736345	0.05422	0.4223	0.00608568739808582	103.736345
4_103794927_T_A	4	103794927	1.354e-05	0.0002712	0.00608381698878129	103.794927
4_103820499_A_G	4	103820499	0.0172	0.02385	0.00602605732477841	103.820499
4_103731282_G_A	4	103731282	0.005441	0.01118	0.00602181844354305	103.731282
4_103776867_G_A	4	103776867	1.497e-05	0.0004863	0.00601156281906733	103.776867
4_103736180_T_G	4	103736180	1.179e-05	0.0002304	0.00601034581014928	103.73618
4_103692900_C_A	4	103692900	0.01665	0.2037	0.00593830876473962	103.6929
4_103786560_G_A	4	103786560	1.603e-05	0.0002917	0.00590617827711717	103.78656
4_103797334_G_A	4	103797334	1.458e-05	0.0002712	0.00589216904637935	103.797334
4_103817531_C_T	4	103817531	4.535e-05	0.2384	0.00585514674019133	103.817531
4_103764209_A_G	4	103764209	1.564e-05	0.0003915	0.00583299330603136	103.764209
4_103758301_T_C	4	103758301	0.009425	0.03794	0.0058297477960631	103.758301
4_103760250_A_C	4	103760250	0.001244	0.0007336	0.00580122301739244	103.76025
4_103813881_C_T	4	103813881	2.076e-05	0.0002712	0.00577308325211132	103.813881
4_103746753_C_T	4	103746753	0.0039	0.04071	0.00566520629801896	103.746753
4_103796908_A_G	4	103796908	9.843e-06	0.000196	0.005654936312865	103.796908
4_103773682_G_C	4	103773682	0.5829	0.879	0.0056157344276382	103.773682
4_103684953_C_G	4	103684953	2.93e-05	0.0001321	0.00561206712839972	103.684953
4_103710930_G_A	4	103710930	1.58e-05	0.0001707	0.00561162316850841	103.71093
4_103759189_T_C	4	103759189	1.054e-05	0.0003369	0.00556489057955077	103.759189
4_103834640_G_A	4	103834640	2.545e-05	0.0003463	0.00551674261851211	103.83464
4_103732173_C_T	4	103732173	1.716e-05	0.000318	0.00547278228878773	103.732173
4_103803402_A_G	4	103803402	0.3943	0.194	0.0053854153087882	103.803402
4_103812499_A_G	4	103812499	1.143e-05	0.000196	0.00537071040981408	103.812499
4_103709571_A_T	4	103709571	2.12e-05	0.0001991	0.00535062885907017	103.709571
4_103666965_C_T	4	103666965	0.06661	0.3049	0.00531917906664908	103.666965
4_103700878_C_T	4	103700878	1.702e-05	0.0001707	0.00528729637241689	103.700878
4_103803106_C_T	4	103803106	1.497e-05	0.0002712	0.00527641545342944	103.803106
4_103778434_A_G	4	103778434	1.701e-05	0.0002917	0.00526690365425874	103.778434
4_103769304_T_C	4	103769304	0.01001	0.04112	0.0052594025221995	103.769304
4_103714494_T_G	4	103714494	2.037e-05	0.0002075	0.00519429807235791	103.714494
4_103643128_G_A	4	103643128	0.03989	0.9904	0.00515079888215229	103.643128
4_103701760_G_A	4	103701760	1.767e-05	0.0002173	0.00514415675381057	103.70176
4_103713097_A_G	4	103713097	0.5614	0.879	0.00513953169959295	103.713097
4_103761862_G_A	4	103761862	0.03806	0.3083	0.00512725480009412	103.761862
4_103754500_G_A	4	103754500	1.445e-05	0.000318	0.00510665082734954	103.7545
4_103785582_G_A	4	103785582	1.353e-05	0.0001993	0.00508621644759239	103.785582
4_103781065_T_C	4	103781065	1.498e-05	0.000214	0.00493724400115	103.781065
4_103689317_T_C	4	103689317	3.699e-05	0.0001756	0.00493399290924755	103.689317
4_103770794_G_C	4	103770794	1.643e-05	0.0004451	0.00489938532650691	103.770794
4_103749747_G_C	4	103749747	0.08877	0.5563	0.0048921254942712	103.749747
4_103658762_C_A	4	103658762	0.01348	0.8612	0.00486041313639331	103.658762
4_103679117_G_T	4	103679117	0.007042	0.01089	0.00485375801559183	103.679117
4_103835703_T_C	4	103835703	3.033e-05	0.0003318	0.00483683523617283	103.835703
4_103709386_C_T	4	103709386	2.138e-05	0.0001991	0.0048249259551948	103.709386
4_103698324_C_A	4	103698324	0.1613	0.4821	0.00481673112761952	103.698324
4_103654439_A_G	4	103654439	0.1956	0.2072	0.00481287379737499	103.654439
4_103777146_C_T	4	103777146	0.2655	0.7694	0.00476172934770508	103.777146
4_103747541_G_A	4	103747541	0.005197	0.01118	0.00475464198494867	103.747541
4_103809914_C_A	4	103809914	1.436e-05	0.0002728	0.00473505708371179	103.809914
4_103786116_C_T	4	103786116	1.596e-05	0.0002917	0.00463307784382495	103.786116
4_103745756_A_G	4	103745756	1.573e-05	0.000318	0.00455400938729385	103.745756
4_103733600_T_C	4	103733600	1.095e-05	0.0003369	0.00455228108170147	103.7336
4_103786371_C_T	4	103786371	1.381e-05	0.0001993	0.0045430144807444	103.786371
4_103696253_G_A	4	103696253	0.5962	0.8303	0.0045430144807444	103.696253
4_103754591_G_C	4	103754591	1.459e-05	0.000318	0.00452078331673808	103.754591
4_103760515_A_C	4	103760515	0.7032	0.8198	0.00450495820729315	103.760515
4_103691796_A_G	4	103691796	0.01445	0.2449	0.00450226495486844	103.691796
4_103728010_C_A	4	103728010	1.143e-05	0.000318	0.00449420501683047	103.72801
4_103700749_T_C	4	103700749	0.2846	0.879	0.00443283907036854	103.700749
4_103744105_A_C	4	103744105	0.5882	0.879	0.00442297815873006	103.744105
4_103687208_A_G	4	103687208	2.578e-05	0.0001215	0.00433901118694215	103.687208
4_103799569_G_A	4	103799569	1.4e-05	0.0002712	0.00431174533331438	103.799569
4_103776519_A_G	4	103776519	0.07308	0.3955	0.00428094094548706	103.776519
4_103701196_A_C	4	103701196	1.715e-05	0.0001707	0.00419910524670128	103.701196
4_103802579_A_G	4	103802579	5.111e-06	0.000196	0.00419212037922707	103.802579
4_103703999_A_G	4	103703999	0.2924	0.879	0.00418747705486957	103.703999
4_103690466_C_T	4	103690466	3.043e-05	0.0001801	0.00417130834685336	103.690466
4_103751133_T_A	4	103751133	1.089e-05	0.0002304	0.0041328569179935	103.751133
4_103685471_G_A	4	103685471	3.715e-05	0.0001542	0.0041325706334612	103.685471
4_103676853_A_G	4	103676853	0.8116	0.9668	0.00400974285742024	103.676853
4_103786588_G_A	4	103786588	1.08e-05	0.000211	0.00399875746862876	103.786588
4_103638420_T_C	4	103638420	0.1562	0.3849	0.0039654354533719	103.63842
4_103710183_T_C	4	103710183	2.129e-05	0.0001991	0.00389264786855936	103.710183
4_103825780_C_T	4	103825780	0.9002	0.611	0.00384628348319036	103.82578
4_103765916_G_A	4	103765916	1.032e-05	0.0003244	0.00383150563981215	103.765916
4_103753735_T_G	4	103753735	1.116e-05	0.0003369	0.00375176048908915	103.753735
4_103759091_G_A	4	103759091	1.319e-05	0.000318	0.00373050442562859	103.759091
4_103693143_G_C	4	103693143	3.305e-05	0.0002099	0.00342121582775059	103.693143
4_103794188_T_A	4	103794188	1.374e-05	0.0002712	0.00336783078809515	103.794188
4_103636292_A_G	4	103636292	0.06689	0.7446	0.00331824797022376	103.636292
4_103672369_G_A	4	103672369	0.0275	0.9484	0.00327575496824618	103.672369
4_103692157_G_T	4	103692157	2.596e-05	0.0001215	0.00324059919079847	103.692157
4_103674538_T_C	4	103674538	0.6681	0.879	0.00321362294699334	103.674538
4_103738243_G_A	4	103738243	1.713e-05	0.000318	0.00310852592311412	103.738243
4_103831195_C_T	4	103831195	0.01048	0.04165	0.00304357021202318	103.831195
4_103647047_C_T	4	103647047	0.1748	0.3763	0.00302645472329381	103.647047
4_103750316_G_A	4	103750316	1.047e-05	0.0002304	0.00299022941881659	103.750316
4_103789782_G_A	4	103789782	0.005576	0.02294	0.00267940576341883	103.789782
4_103714182_T_G	4	103714182	2.027e-05	0.0001991	0.00255087755337321	103.714182
4_103640758_T_C	4	103640758	0.2359	0.4117	0.00246627636612826	103.640758
4_103701818_C_T	4	103701818	2.023e-05	0.0001719	0.00243060828699951	103.701818
4_103725334_C_T	4	103725334	1.63e-05	0.0001707	0.00235297189052072	103.725334
4_103742413_T_C	4	103742413	1.591e-05	0.000318	0.00226412502575696	103.742413
4_103688017_T_C	4	103688017	2.663e-05	9.253e-05	0.00224045863678326	103.688017
4_103713894_G_T	4	103713894	0.004896	0.1474	0.00151852613246418	103.713894
4_103762046_C_T	4	103762046	0.06909	0.1378	0.00138548680463478	103.762046
4_103719893_G_A	4	103719893	1.945e-05	0.0001991	0.00137398139023704	103.719893
4_103780523_T_C	4	103780523	1.632e-05	0.000153	0.00133909141902615	103.780523
4_103805801_A_T	4	103805801	0.4918	0.008494	0.00132712714488254	103.805801
4_103724265_C_T	4	103724265	0.004471	0.01278	0.00131949444766709	103.724265
4_103804194_C_T	4	103804194	0.003303	0.02709	0.00131058975832977	103.804194
4_103713346_A_G	4	103713346	1.512e-05	0.0001707	0.00114221104404867	103.713346
4_103658651_T_G	4	103658651	0.002271	0.3564	0.000150651969335157	103.658651
4_103701331_A_C	4	103701331	1.857e-05	0.0002512	4.84867943533491e-05	103.701331
4_103704060_T_C	4	103704060	1.82e-05	0.0002512	4.2763635532746e-05	103.70406
4_103805799_A_G	4	103805799	1.288e-05	0.0002285	2.73062748051103e-05	103.805799
4_103645082_C_T	4	103645082	0.02616	0.8006	8.30221757579017e-06	103.645082
4_103711434_C_T	4	103711434	2.057e-05	0.0001991	1.81415398271032e-06	103.711434
4_103738355_C_T	4	103738355	1.742e-05	0.000318	1.780044013985e-06	103.738355
4_103671679_T_A	4	103671679	0.8014	0.9668	1.72060471004016e-06	103.671679
4_103785857_T_C	4	103785857	1.092e-05	0.000211	1.59711505777365e-06	103.785857
4_103668899_G_A	4	103668899	0.02878	0.9484	1.52433621801653e-06	103.668899
4_103656507_A_G	4	103656507	0.08971	0.6178	1.51124552946369e-06	103.656507
4_103732287_T_G	4	103732287	0.004306	0.01278	1.49999371464211e-06	103.732287
4_103823731_T_G	4	103823731	2.078e-05	0.0005349	1.48690880949237e-06	103.823731
4_103695484_T_C	4	103695484	2.26e-05	0.0001991	1.47583367418306e-06	103.695484
4_103741596_T_A	4	103741596	1.592e-05	0.000318	1.46264258477705e-06	103.741596
4_103774795_T_C	4	103774795	0.5935	0.879	1.37139020260772e-06	103.774795
4_103656377_A_G	4	103656377	0.06417	0.2597	1.31913218656381e-06	103.656377
4_103668397_C_G	4	103668397	0.01866	0.8612	1.31345162199665e-06	103.668397
4_103637334_T_C	4	103637334	0.02439	0.7446	1.29986187442554e-06	103.637334
4_103674329_T_C	4	103674329	0.774	0.07584	1.29978401086494e-06	103.674329
4_103788211_A_G	4	103788211	1.382e-05	0.0001993	1.24251529658029e-06	103.788211
4_103834478_G_A	4	103834478	3.439e-05	0.0004814	1.23165794346546e-06	103.834478
4_103748943_G_A	4	103748943	0.0851	0.5995	1.07683914808959e-06	103.748943
4_103779972_A_G	4	103779972	2.825e-05	0.0001448	8.79905007378764e-07	103.779972
4_103640143_A_G	4	103640143	0.5738	0.4091	8.47315603905078e-07	103.640143
4_103807720_T_C	4	103807720	1.406e-05	0.0002285	8.44563379483175e-07	103.80772
4_103783500_T_A	4	103783500	2.02e-05	0.0001452	8.37883169213157e-07	103.7835
4_103723488_C_A	4	103723488	0.06199	0.963	8.3133866258856e-07	103.723488
4_103653976_T_C	4	103653976	8.61e-05	3.528e-05	5.45393786117302e-07	103.653976
4_103813734_C_T	4	103813734	2.082e-05	0.0002712	4.95053981973978e-07	103.813734
4_103741940_A_C	4	103741940	0.004219	0.01278	4.80360501617911e-07	103.74194
4_103715355_G_C	4	103715355	0.005191	0.01278	3.52123243933908e-07	103.715355
4_103785051_G_A	4	103785051	0.0005042	0.0003815	3.27942817138501e-07	103.785051
4_103811855_C_T	4	103811855	0.03663	0.6959	3.00371813552407e-07	103.811855
4_103682810_C_T	4	103682810	0.2261	0.7694	2.60255437978514e-07	103.68281
4_103677515_G_A	4	103677515	0.6655	0.879	2.49538390946698e-07	103.677515
4_103734725_T_C	4	103734725	1.666e-05	0.000318	2.26498980804323e-07	103.734725
4_103670544_G_A	4	103670544	0.01314	0.2407	2.26036221785959e-07	103.670544
4_103690391_T_C	4	103690391	2.93e-05	0.0001215	2.22318797542144e-07	103.690391
4_103813318_C_T	4	103813318	0.006373	0.03467	2.10715578942238e-07	103.813318
4_103673907_A_C	4	103673907	0.7103	0.9123	2.09444312659644e-07	103.673907
4_103827132_A_G	4	103827132	3.653e-05	0.0005349	1.98243553522844e-07	103.827132
4_103765156_A_G	4	103765156	0.8268	0.239	1.97501094066597e-07	103.765156
4_103820886_G_A	4	103820886	3.612e-05	0.0005125	1.97207857438827e-07	103.820886
4_103815289_A_G	4	103815289	2.074e-05	0.0002953	1.96010560808998e-07	103.815289
4_103749444_G_A	4	103749444	1.104e-05	0.0002304	1.88574700883017e-07	103.749444
4_103818734_T_C	4	103818734	3.391e-05	0.0006827	1.86913335927122e-07	103.818734
4_103675586_C_G	4	103675586	0.7986	0.9668	1.71922953408371e-07	103.675586
4_103670772_G_T	4	103670772	0.6477	0.879	1.52453954028213e-07	103.670772
4_103748224_G_A	4	103748224	0.0888	0.5995	1.29750991512538e-07	103.748224
4_103822833_G_A	4	103822833	3.627e-05	0.0005349	1.22434647854907e-07	103.822833
4_103830525_C_T	4	103830525	2.777e-05	0.0003463	1.17359709897298e-07	103.830525
4_103723993_T_C	4	103723993	1.961e-05	0.0002369	1.14595882799773e-07	103.723993
4_103818616_G_A	4	103818616	0.01398	0.7758	1.12714862703475e-07	103.818616
4_103770579_C_T	4	103770579	1.179e-05	0.0003244	1.10701255669298e-07	103.770579
4_103683546_A_C	4	103683546	0.09739	0.5284	1.09486540355236e-07	103.683546
4_103789810_C_A	4	103789810	1.055e-05	0.000196	1.04516979579107e-07	103.78981
4_103712337_A_T	4	103712337	2.471e-05	0.0001991	7.34002842603954e-08	103.712337
4_103701536_G_A	4	103701536	0.006067	0.4382	6.37010886567132e-08	103.701536
4_103799532_C_T	4	103799532	8.516e-06	0.0002239	6.32438150982046e-08	103.799532
4_103816523_A_G	4	103816523	2.135e-05	0.0003163	6.27866968068127e-08	103.816523
4_103752302_A_T	4	103752302	1.057e-05	0.0002304	6.10403392817138e-08	103.752302
4_103792253_G_A	4	103792253	0.556	0.01228	5.99024605462026e-08	103.792253
4_103785845_C_T	4	103785845	0.005527	0.02294	5.98822433042444e-08	103.785845
4_103798173_C_A	4	103798173	0.5876	0.879	5.78249445173279e-08	103.798173
4_103771811_A_G	4	103771811	0.00356	0.02709	5.48805926992801e-08	103.771811
4_103703529_A_C	4	103703529	1.641e-05	0.0001707	5.39536622078571e-08	103.703529
4_103769313_C_T	4	103769313	0.0215	0.8079	5.3700712236221e-08	103.769313
4_103750268_C_T	4	103750268	1.047e-05	0.0002304	5.30202566761304e-08	103.750268
4_103724101_A_C	4	103724101	0.06054	0.963	5.27257596896141e-08	103.724101
4_103731938_A_T	4	103731938	0.002834	0.2719	5.06472303456425e-08	103.731938
4_103827488_T_G	4	103827488	3.445e-05	0.0005349	5.03083522499584e-08	103.827488
4_103744958_A_C	4	103744958	1.138e-05	0.0002304	4.99537821074464e-08	103.744958
4_103731725_G_A	4	103731725	1.131e-05	0.0002304	4.92132290032869e-08	103.731725
4_103726773_A_C	4	103726773	1.291e-05	0.0002304	4.8513327520007e-08	103.726773
4_103801182_C_T	4	103801182	0.06367	0.5639	4.84319060160774e-08	103.801182
4_103793659_T_C	4	103793659	1.317e-05	0.0002712	4.07362255059499e-08	103.793659
4_103800194_G_A	4	103800194	0.009803	0.02855	3.9178755666513e-08	103.800194
4_103827426_G_A	4	103827426	0.5886	0.879	3.82143879972328e-08	103.827426
4_103802242_T_C	4	103802242	0.003357	0.02709	3.81868278195933e-08	103.802242
4_103689805_T_A	4	103689805	2.9e-05	0.0001215	3.6273959188208e-08	103.689805
4_103756076_C_T	4	103756076	9.894e-06	0.0002304	3.17492198801656e-08	103.756076
4_103712589_G_A	4	103712589	1.521e-05	0.0001707	3.1041645088107e-08	103.712589
4_103783049_A_C	4	103783049	0.03964	0.8968	2.99845343796402e-08	103.783049
4_103726954_T_C	4	103726954	0.3788	0.125	2.95050990706535e-08	103.726954
4_103736988_A_C	4	103736988	0.004828	0.01278	2.7380193328325e-08	103.736988
4_103794717_G_C	4	103794717	1.353e-05	0.0002712	2.4570971062769e-08	103.794717
4_103737051_C_T	4	103737051	1.577e-05	0.000318	2.36897291719396e-08	103.737051
4_103809645_T_G	4	103809645	1.457e-05	0.0002712	2.08774928233015e-08	103.809645
4_103777392_G_A	4	103777392	7.898e-06	0.0004049	2.01034918382033e-08	103.777392
4_103705816_T_C	4	103705816	0.06576	0.1474	1.99600866372329e-08	103.705816
4_103701777_T_C	4	103701777	1.95e-05	0.0001719	1.99484755658871e-08	103.701777
4_103702937_G_A	4	103702937	0.5527	0.879	1.93160482433357e-08	103.702937
4_103826036_A_G	4	103826036	3.571e-05	0.0005349	1.89990837474597e-08	103.826036
4_103738972_T_C	4	103738972	0.01042	0.04581	1.8836384531652e-08	103.738972
4_103802314_T_C	4	103802314	9.03e-06	0.000196	1.86675432197074e-08	103.802314
4_103761608_G_T	4	103761608	0.07956	0.264	1.80617205073755e-08	103.761608
4_103722238_G_A	4	103722238	1.509e-05	0.0002512	1.70808048305573e-08	103.722238
4_103748797_A_G	4	103748797	1.595e-05	0.000318	1.60248485322203e-08	103.748797
4_103725297_G_A	4	103725297	0.05847	0.963	1.4756960389335e-08	103.725297
4_103668344_T_G	4	103668344	0.06774	0.3034	1.44946095684573e-08	103.668344
4_103790186_G_T	4	103790186	1.544e-05	0.0002728	1.42820151089335e-08	103.790186
4_103712209_C_G	4	103712209	2.11e-05	0.0001991	1.4010346079717e-08	103.712209
4_103799528_T_C	4	103799528	1.285e-05	0.0002712	1.38042495124085e-08	103.799528
4_103764993_A_G	4	103764993	1.067e-05	0.0003652	1.32287073698721e-08	103.764993
4_103738232_G_C	4	103738232	1.383e-05	0.0003369	1.29886994315852e-08	103.738232
4_103720866_G_C	4	103720866	1.827e-05	0.0001991	1.26320392196649e-08	103.720866
4_103719741_C_T	4	103719741	2.061e-05	0.0001991	1.24968768285412e-08	103.719741
4_103714500_T_G	4	103714500	0.00622	0.01118	1.2468455369352e-08	103.7145
4_103726568_C_T	4	103726568	0.5107	0.6444	1.23580828130243e-08	103.726568
4_103804061_G_T	4	103804061	0.4115	0.194	1.20411782537857e-08	103.804061
4_103780922_C_T	4	103780922	1.955e-05	0.000153	1.09280425550159e-08	103.780922
4_103651962_A_C	4	103651962	4.123e-05	0.0002153	9.42929070290836e-09	103.651962
4_103749516_C_G	4	103749516	1.221e-05	0.0003369	9.23410737490517e-09	103.749516
4_103715385_C_T	4	103715385	8.761e-06	0.0001707	9.22685075261e-09	103.715385
4_103778056_G_T	4	103778056	1.035e-05	0.0002524	9.16511578100038e-09	103.778056
4_103832044_T_A	4	103832044	0.01178	0.04013	9.00519520588115e-09	103.832044
4_103710105_A_G	4	103710105	1.166e-05	0.2797	8.97213884709807e-09	103.710105
4_103702145_A_G	4	103702145	0.005845	0.01118	8.96519019015237e-09	103.702145
4_103672724_T_C	4	103672724	0.7075	0.9123	8.93156441292891e-09	103.672724
4_103833889_C_T	4	103833889	2.931e-05	0.0003318	8.6027835640435e-09	103.833889
4_103693164_G_A	4	103693164	3.276e-05	0.0002099	8.51042444016026e-09	103.693164
4_103811377_A_C	4	103811377	1.451e-05	0.0001334	8.49752196359356e-09	103.811377
4_103715117_A_T	4	103715117	1.465e-05	0.0001707	8.20160410940762e-09	103.715117
4_103643021_C_T	4	103643021	0.6515	0.0478	8.18525824893306e-09	103.643021
4_103693621_C_T	4	103693621	3.097e-05	0.0001475	7.92528108306442e-09	103.693621
4_103759002_G_C	4	103759002	0.05157	0.4053	7.74142983386991e-09	103.759002
4_103802026_A_G	4	103802026	0.004442	0.3964	7.64934818070947e-09	103.802026
4_103711052_T_C	4	103711052	1.653e-05	0.0002512	7.40991262211289e-09	103.711052
4_103738973_A_G	4	103738973	0.005247	0.01118	7.40320148678798e-09	103.738973
4_103728206_T_C	4	103728206	0.3454	0.02206	7.3796616707011e-09	103.728206
4_103775704_C_T	4	103775704	1.67e-05	0.0004863	6.63943986956203e-09	103.775704
4_103685514_G_C	4	103685514	0.4172	0.5679	5.93512464329538e-09	103.685514
4_103731737_T_C	4	103731737	1.079e-05	0.0002304	5.81466470039096e-09	103.731737
4_103678338_T_C	4	103678338	0.7189	0.9668	5.80044285293782e-09	103.678338
4_103675108_G_C	4	103675108	0.006768	0.01093	5.07097294307977e-09	103.675108
4_103825248_T_C	4	103825248	3.605e-05	0.0005349	5.02406543621611e-09	103.825248
4_103780496_T_C	4	103780496	2.066e-05	0.0001448	4.87520698171796e-09	103.780496
4_103689069_C_T	4	103689069	3.103e-05	0.0001801	4.86841439162493e-09	103.689069
4_103732866_C_T	4	103732866	0.009754	0.04581	3.68813927514567e-09	103.732866
4_103739822_A_C	4	103739822	0.005663	0.6286	2.18857569192847e-09	103.739822
4_103772252_A_G	4	103772252	1.111e-05	0.0003244	2.06463492704728e-09	103.772252
