SNP	chr	pos	GWAS_P	EQTL_P	PP_H4	BP_Mb
4_103786560_G_A	4	103786560	1.603e-05	3.217e-05	0.0120790087214904	103.78656
4_103690466_C_T	4	103690466	3.043e-05	1.801e-05	0.0119100216364664	103.690466
4_103747541_G_A	4	103747541	0.005197	0.7298	0.0115954515804808	103.747541
4_103703999_A_G	4	103703999	0.2924	0.9449	0.0113725999816701	103.703999
4_103666965_C_T	4	103666965	0.06661	8.65e-06	0.0110610778620327	103.666965
4_103727018_A_T	4	103727018	9.073e-06	2.076e-05	0.010471041606427	103.727018
4_103719741_C_T	4	103719741	2.061e-05	1.996e-05	0.0104441756219667	103.719741
4_103736988_A_C	4	103736988	0.004828	0.8451	0.0103910701040916	103.736988
4_103738232_G_C	4	103738232	1.383e-05	1.943e-05	0.0100710296923953	103.738232
4_103803402_A_G	4	103803402	0.3943	0.6039	0.0100223125453929	103.803402
4_103658762_C_A	4	103658762	0.01348	0.4603	0.00992102252110324	103.658762
4_103736180_T_G	4	103736180	1.179e-05	2.076e-05	0.00992102252110324	103.73618
4_103689317_T_C	4	103689317	3.699e-05	1.669e-05	0.00989030368003123	103.689317
4_103714494_T_G	4	103714494	2.037e-05	1.776e-05	0.0098315137846543	103.714494
4_103773501_G_A	4	103773501	1.649e-05	3.454e-05	0.00964031256665718	103.773501
4_103712589_G_A	4	103712589	1.521e-05	2.014e-05	0.00963208594466772	103.712589
4_103781065_T_C	4	103781065	1.498e-05	2.5e-05	0.00955590311332683	103.781065
4_103677515_G_A	4	103677515	0.6655	0.9449	0.00952633095041638	103.677515
4_103704060_T_C	4	103704060	1.82e-05	1.885e-05	0.00952005802215807	103.70406
4_103749747_G_C	4	103749747	0.08877	0.27	0.00948122142624376	103.749747
4_103799528_T_C	4	103799528	1.285e-05	3.942e-05	0.0094392755348007	103.799528
4_103690256_A_G	4	103690256	3.701e-05	2.016e-05	0.00943209577937808	103.690256
4_103747122_T_G	4	103747122	0.4287	0.6048	0.00937808706279235	103.747122
4_103738355_C_T	4	103738355	1.742e-05	1.53e-05	0.0092173454200637	103.738355
4_103802242_T_C	4	103802242	0.003357	0.3657	0.00916329775435859	103.802242
4_103701196_A_C	4	103701196	1.715e-05	2.014e-05	0.00910258254770428	103.701196
4_103751251_A_G	4	103751251	1.098e-05	2.076e-05	0.00907805666181799	103.751251
4_103821891_T_C	4	103821891	2.055e-05	3.224e-05	0.00891788651026468	103.821891
4_103651962_A_C	4	103651962	4.123e-05	4.434e-05	0.00887395374532046	103.651962
4_103725894_G_A	4	103725894	1.467e-05	2.014e-05	0.00885910912741379	103.725894
4_103738972_T_C	4	103738972	0.01042	3.464e-06	0.00879644244223642	103.738972
4_103668899_G_A	4	103668899	0.02878	0.1303	0.0087868860774471	103.668899
4_103685471_G_A	4	103685471	3.715e-05	2.418e-05	0.00876567158642041	103.685471
4_103640143_A_G	4	103640143	0.5738	1.125e-05	0.00876567158642041	103.640143
4_103765156_A_G	4	103765156	0.8268	0.1159	0.00876050285546376	103.765156
4_103722487_G_A	4	103722487	2.19e-05	1.484e-05	0.00869224263384045	103.722487
4_103744105_A_C	4	103744105	0.5882	0.9449	0.00868704604766304	103.744105
4_103647335_A_G	4	103647335	0.3461	8.071e-07	0.00867149453002048	103.647335
4_103745756_A_G	4	103745756	1.573e-05	1.53e-05	0.00853406348090384	103.745756
4_103773405_G_C	4	103773405	0.06247	0.2744	0.00837205059234302	103.773405
4_103778434_A_G	4	103778434	1.701e-05	3.217e-05	0.00832546620936656	103.778434
4_103785857_T_C	4	103785857	1.092e-05	4.288e-05	0.00831944157702127	103.785857
4_103731725_G_A	4	103731725	1.131e-05	2.076e-05	0.00812549751501594	103.731725
4_103822833_G_A	4	103822833	3.627e-05	3.224e-05	0.00810210438584537	103.822833
4_103673907_A_C	4	103673907	0.7103	0.5268	0.0080886271991419	103.673907
4_103712066_C_T	4	103712066	0.2755	0.9449	0.00807966798130106	103.712066
4_103656507_A_G	4	103656507	0.08971	0.7791	0.00806216651341711	103.656507
4_103820886_G_A	4	103820886	3.612e-05	1.98e-05	0.00804847072559177	103.820886
4_103691796_A_G	4	103691796	0.01445	0.001544	0.00797372694587374	103.691796
4_103776519_A_G	4	103776519	0.07308	0.596	0.00789013992181867	103.776519
4_103752302_A_T	4	103752302	1.057e-05	2.076e-05	0.00761875047371961	103.752302
4_103695484_T_C	4	103695484	2.26e-05	1.996e-05	0.00746952506204746	103.695484
4_103641655_G_A	4	103641655	0.01011	0.4603	0.00745531508683879	103.641655
4_103759189_T_C	4	103759189	1.054e-05	1.943e-05	0.00739701434682407	103.759189
4_103737051_C_T	4	103737051	1.577e-05	1.53e-05	0.00738741261751372	103.737051
4_103732568_G_T	4	103732568	1.235e-05	2.4e-05	0.00731694463335351	103.732568
4_103713097_A_G	4	103713097	0.5614	0.9449	0.00717794576447655	103.713097
4_103741940_A_C	4	103741940	0.004219	0.8451	0.00713750772836589	103.74194
4_103700749_T_C	4	103700749	0.2846	0.9449	0.0069856817971545	103.700749
4_103643128_G_A	4	103643128	0.03989	9.545e-06	0.00688358026159829	103.643128
4_103701760_G_A	4	103701760	1.767e-05	1.627e-05	0.00670700307787261	103.70176
4_103741957_A_G	4	103741957	1.177e-05	2.076e-05	0.00668247273938331	103.741957
4_103785582_G_A	4	103785582	1.353e-05	3.423e-05	0.00663983816373588	103.785582
4_103671679_T_A	4	103671679	0.8014	0.9295	0.00658782735316305	103.671679
4_103668344_T_G	4	103668344	0.06774	6.22e-06	0.00645334047479312	103.668344
4_103769892_T_C	4	103769892	1.388e-05	2.957e-05	0.0064131974863808	103.769892
4_103794536_C_T	4	103794536	1.001e-05	5.237e-05	0.0063744439870254	103.794536
4_103794927_T_A	4	103794927	1.354e-05	3.942e-05	0.00636693600578798	103.794927
4_103774795_T_C	4	103774795	0.5935	0.9449	0.00625358266951426	103.774795
4_103679117_G_T	4	103679117	0.007042	4.748e-05	0.00623172967597631	103.679117
4_103770579_C_T	4	103770579	1.179e-05	3.956e-05	0.00621855396551084	103.770579
4_103785845_C_T	4	103785845	0.005527	0.4783	0.00604166113354369	103.785845
4_103732287_T_G	4	103732287	0.004306	0.8451	0.0060324316864037	103.732287
4_103658651_T_G	4	103658651	0.002271	0.5693	0.0060021475512049	103.658651
4_103744071_T_C	4	103744071	1.577e-05	1.53e-05	0.00592738902765453	103.744071
4_103754591_G_C	4	103754591	1.459e-05	1.53e-05	0.00573626835285123	103.754591
4_103760250_A_C	4	103760250	0.001244	0.6118	0.00569254457779522	103.76025
4_103797334_G_A	4	103797334	1.458e-05	3.942e-05	0.00562419098308065	103.797334
4_103789810_C_A	4	103789810	1.055e-05	5.237e-05	0.00557100767688225	103.78981
4_103635183_T_C	4	103635183	0.02115	5.889e-05	0.00553694123066178	103.635183
4_103794188_T_A	4	103794188	1.374e-05	3.942e-05	0.00552278475847634	103.794188
4_103747286_G_A	4	103747286	0.1178	0.7283	0.00547336787023643	103.747286
4_103709663_A_G	4	103709663	9.608e-06	2.014e-05	0.00539745207030457	103.709663
4_103776867_G_A	4	103776867	1.497e-05	3.454e-05	0.00538762965365362	103.776867
4_103674329_T_C	4	103674329	0.774	0.1206	0.00538004887646976	103.674329
4_103672724_T_C	4	103672724	0.7075	0.5268	0.0053467420625565	103.672724
4_103690988_A_G	4	103690988	0.006383	0.8451	0.00526876833696871	103.690988
4_103757641_T_C	4	103757641	1.446e-05	1.53e-05	0.00524486979465578	103.757641
4_103712209_C_G	4	103712209	2.11e-05	1.996e-05	0.00522379318377699	103.712209
4_103754500_G_A	4	103754500	1.445e-05	1.53e-05	0.00520289005620884	103.7545
4_103773682_G_C	4	103773682	0.5829	0.9449	0.00515907875551947	103.773682
4_103818734_T_C	4	103818734	3.391e-05	4.426e-05	0.00515714941224733	103.818734
4_103633894_T_C	4	103633894	0.007387	6.664e-05	0.00512104644267073	103.633894
4_103702937_G_A	4	103702937	0.5527	0.9449	0.00510564876465022	103.702937
4_103721059_T_C	4	103721059	1.176e-05	1.53e-05	0.00506738525787091	103.721059
4_103768107_G_A	4	103768107	0.04488	0.596	0.0050520674315949	103.768107
4_103734219_C_T	4	103734219	0.005387	0.7298	0.00505154046951846	103.734219
4_103698324_C_A	4	103698324	0.1613	0.2408	0.0050256208192813	103.698324
4_103809914_C_A	4	103809914	1.436e-05	3.188e-05	0.00493560577550921	103.809914
4_103706344_G_T	4	103706344	0.5536	0.9449	0.00492853057171208	103.706344
4_103744958_A_C	4	103744958	1.138e-05	2.076e-05	0.00492513426007769	103.744958
4_103792253_G_A	4	103792253	0.556	0.5924	0.00474464665837567	103.792253
4_103647848_T_C	4	103647848	0.01604	0.4387	0.00471456645964363	103.647848
4_103813594_T_C	4	103813594	2.011e-05	3.942e-05	0.00470264611976588	103.813594
4_103799532_C_T	4	103799532	8.516e-06	5.521e-05	0.00466804931039779	103.799532
4_103766720_G_A	4	103766720	0.1746	0.5106	0.00462779738820938	103.76672
4_103724101_A_C	4	103724101	0.06054	0.2744	0.00455994212496425	103.724101
4_103769304_T_C	4	103769304	0.01001	0.0001868	0.00453444695273301	103.769304
4_103783500_T_A	4	103783500	2.02e-05	6.259e-05	0.00453237044779664	103.7835
4_103733600_T_C	4	103733600	1.095e-05	1.943e-05	0.00452822401856445	103.7336
4_103700878_C_T	4	103700878	1.702e-05	2.014e-05	0.00451353183472897	103.700878
4_103710183_T_C	4	103710183	2.129e-05	1.996e-05	0.0044932141565277	103.710183
4_103758301_T_C	4	103758301	0.009425	3.081e-06	0.00448196103218869	103.758301
4_103786116_C_T	4	103786116	1.596e-05	3.217e-05	0.00446373464512055	103.786116
4_103709386_C_T	4	103709386	2.138e-05	1.996e-05	0.00444584786049965	103.709386
4_103684953_C_G	4	103684953	2.93e-05	2.443e-05	0.00444443157643284	103.684953
4_103641837_G_A	4	103641837	0.4906	0.5937	0.00444130525077813	103.641837
4_103692900_C_A	4	103692900	0.01665	0.001025	0.00440166075610928	103.6929
4_103731282_G_A	4	103731282	0.005441	0.7298	0.0043797138928789	103.731282
4_103783049_A_C	4	103783049	0.03964	0.1339	0.00431646277807436	103.783049
4_103637334_T_C	4	103637334	0.02439	0.9234	0.00430209770256093	103.637334
4_103680984_A_G	4	103680984	0.01185	1.486e-05	0.00426572815432372	103.680984
4_103654439_A_G	4	103654439	0.1956	4.369e-06	0.00419269856701462	103.654439
4_103756076_C_T	4	103756076	9.894e-06	2.076e-05	0.00414180384783744	103.756076
4_103764209_A_G	4	103764209	1.564e-05	1.386e-05	0.0041390990842321	103.764209
4_103689805_T_A	4	103689805	2.9e-05	1.926e-05	0.00413003039317545	103.689805
4_103738108_T_C	4	103738108	1.193e-05	2.076e-05	0.00408059578331944	103.738108
4_103786588_G_A	4	103786588	1.08e-05	4.288e-05	0.00407783801836945	103.786588
4_103827488_T_G	4	103827488	3.445e-05	3.224e-05	0.00407015384457338	103.827488
4_103767339_T_G	4	103767339	1.071e-05	3.956e-05	0.00403637156175327	103.767339
4_103731938_A_T	4	103731938	0.002834	0.0004786	0.00401819050963404	103.731938
4_103638420_T_C	4	103638420	0.1562	0.4183	0.00399544410042409	103.63842
4_103688303_C_T	4	103688303	0.6106	0.5206	0.00397913411462266	103.688303
4_103746753_C_T	4	103746753	0.0039	0.7125	0.00365455285900683	103.746753
4_103753371_A_C	4	103753371	1.469e-05	1.53e-05	0.00363516816073546	103.753371
4_103788211_A_G	4	103788211	1.382e-05	3.423e-05	0.00361466543476858	103.788211
4_103726568_C_T	4	103726568	0.5107	0.7898	0.00355807231469508	103.726568
4_103804194_C_T	4	103804194	0.003303	0.3657	0.00352077314537131	103.804194
4_103827132_A_G	4	103827132	3.653e-05	3.224e-05	0.00338584087414739	103.827132
4_103726954_T_C	4	103726954	0.3788	0.7019	0.00336192779288787	103.726954
4_103632963_C_T	4	103632963	0.003715	3.873e-05	0.00323376867646786	103.632963
4_103805801_A_T	4	103805801	0.4918	0.9376	0.00318487510816514	103.805801
4_103675058_G_T	4	103675058	0.03487	0.9449	0.00311466235290967	103.675058
4_103802824_T_C	4	103802824	0.008873	0.0002284	0.00308306737458674	103.802824
4_103729743_T_A	4	103729743	1.718e-05	1.53e-05	0.00306359087781175	103.729743
4_103813318_C_T	4	103813318	0.006373	0.4524	0.00305703860000085	103.813318
4_103693143_G_C	4	103693143	3.305e-05	2.503e-05	0.0030481289501979	103.693143
4_103682810_C_T	4	103682810	0.2261	0.9072	0.00295732795232742	103.68281
4_103645082_C_T	4	103645082	0.02616	0.6809	0.00294922583742992	103.645082
4_103701777_T_C	4	103701777	1.95e-05	1.724e-05	0.00284776673239385	103.701777
4_103675108_G_C	4	103675108	0.006768	3.268e-05	0.00282406060733792	103.675108
4_103698786_G_C	4	103698786	0.01238	3.01e-06	0.00272043779406406	103.698786
4_103722238_G_A	4	103722238	1.509e-05	1.885e-05	0.00260494909161374	103.722238
4_103799569_G_A	4	103799569	1.4e-05	3.942e-05	0.00238398180251807	103.799569
4_103801182_C_T	4	103801182	0.06367	0.4803	0.0022743984979131	103.801182
4_103701818_C_T	4	103701818	2.023e-05	1.724e-05	0.00217783237563839	103.701818
4_103640758_T_C	4	103640758	0.2359	7.477e-06	0.0021049039489506	103.640758
4_103702145_A_G	4	103702145	0.005845	0.7298	0.0020860893977707	103.702145
4_103780523_T_C	4	103780523	1.632e-05	3.325e-05	0.00207409168617318	103.780523
4_103715355_G_C	4	103715355	0.005191	0.8451	0.00206009455101649	103.715355
4_103742651_T_C	4	103742651	1.622e-05	1.53e-05	0.00203407657999041	103.742651
4_103713894_G_T	4	103713894	0.004896	0.2771	0.00179315349656121	103.713894
4_103803106_C_T	4	103803106	1.497e-05	3.942e-05	0.00172576829398898	103.803106
4_103724265_C_T	4	103724265	0.004471	0.8451	0.00167810158830681	103.724265
4_103670544_G_A	4	103670544	0.01314	0.001793	0.00139260773244003	103.670544
4_103713346_A_G	4	103713346	1.512e-05	2.014e-05	0.00106354907007214	103.713346
4_103670772_G_T	4	103670772	0.6477	0.9449	0.000897400715802438	103.670772
4_103719893_G_A	4	103719893	1.945e-05	1.996e-05	0.000119257068599137	103.719893
4_103700422_G_C	4	103700422	1.868e-05	1.885e-05	0.000108601363446376	103.700422
4_103643021_C_T	4	103643021	0.6515	0.5149	9.46860887023213e-05	103.643021
4_103760794_G_A	4	103760794	0.004953	0.7284	8.29455971673001e-05	103.760794
4_103711434_C_T	4	103711434	2.057e-05	1.996e-05	7.82157604592977e-05	103.711434
4_103777146_C_T	4	103777146	0.2655	0.9072	7.58563131612654e-05	103.777146
4_103772252_A_G	4	103772252	1.111e-05	3.956e-05	2.54732274114885e-05	103.772252
4_103703529_A_C	4	103703529	1.641e-05	2.014e-05	2.45162078219588e-05	103.703529
4_103830525_C_T	4	103830525	2.777e-05	5.101e-05	2.30724298744633e-05	103.830525
4_103786371_C_T	4	103786371	1.381e-05	3.423e-05	1.99840986245894e-05	103.786371
4_103748797_A_G	4	103748797	1.595e-05	1.53e-05	1.96440497003428e-05	103.748797
4_103813734_C_T	4	103813734	2.082e-05	3.942e-05	1.63901630750336e-05	103.813734
4_103790186_G_T	4	103790186	1.544e-05	3.188e-05	1.61149171005538e-05	103.790186
4_103726725_C_A	4	103726725	0.006096	0.774	1.53513813359252e-05	103.726725
4_103779007_T_C	4	103779007	3.446e-05	2.5e-05	1.52087034625149e-05	103.779007
4_103764993_A_G	4	103764993	1.067e-05	2.298e-05	1.48341727395696e-05	103.764993
4_103714500_T_G	4	103714500	0.00622	0.7298	1.35398474314774e-05	103.7145
4_103748224_G_A	4	103748224	0.0888	2.734e-06	1.28480691502563e-05	103.748224
4_103753735_T_G	4	103753735	1.116e-05	1.943e-05	1.13519418804837e-05	103.753735
4_103714182_T_G	4	103714182	2.027e-05	1.996e-05	1.01890957281188e-05	103.714182
4_103793659_T_C	4	103793659	1.317e-05	3.942e-05	9.42164140996729e-06	103.793659
4_103775704_C_T	4	103775704	1.67e-05	3.454e-05	8.63622323136188e-06	103.775704
4_103802314_T_C	4	103802314	9.03e-06	5.237e-05	8.23281419574719e-06	103.802314
4_103738973_A_G	4	103738973	0.005247	0.7298	7.21780139386807e-06	103.738973
4_103720866_G_C	4	103720866	1.827e-05	1.996e-05	5.57310238669088e-06	103.720866
4_103701331_A_C	4	103701331	1.857e-05	1.885e-05	3.80927659167877e-06	103.701331
4_103732866_C_T	4	103732866	0.009754	3.464e-06	3.60429636769651e-06	103.732866
4_103683546_A_C	4	103683546	0.09739	2.433e-06	3.07757771364845e-06	103.683546
4_103633815_G_A	4	103633815	0.003968	3.873e-05	2.61109654148519e-06	103.633815
4_103656377_A_G	4	103656377	0.06417	4.281e-06	2.44831886494584e-06	103.656377
4_103805443_T_C	4	103805443	8.932e-06	5.237e-05	2.24140559423074e-06	103.805443
4_103688017_T_C	4	103688017	2.663e-05	1.468e-05	2.17817964302195e-06	103.688017
4_103725334_C_T	4	103725334	1.63e-05	2.014e-05	2.03700968679874e-06	103.725334
4_103804061_G_T	4	103804061	0.4115	0.6039	1.25549112478238e-06	103.804061
4_103739822_A_C	4	103739822	0.005663	0.774	5.38706767375652e-07	103.739822
4_103823731_T_G	4	103823731	2.078e-05	3.224e-05	4.20856079814241e-07	103.823731
4_103692157_G_T	4	103692157	2.596e-05	1.926e-05	3.39911218854533e-07	103.692157
4_103705816_T_C	4	103705816	0.06576	0.2771	3.24283817791615e-07	103.705816
4_103736422_A_G	4	103736422	1.655e-05	1.53e-05	1.90265785498883e-07	103.736422
4_103688038_T_C	4	103688038	3.352e-05	1.452e-05	4.86192065965436e-08	103.688038
4_103826036_A_G	4	103826036	3.571e-05	3.224e-05	4.28099293358421e-08	103.826036
4_103742413_T_C	4	103742413	1.591e-05	1.53e-05	3.83025650277152e-08	103.742413
4_103732845_A_C	4	103732845	7.563e-06	0.0001536	3.42126821541897e-08	103.732845
4_103726773_A_C	4	103726773	1.291e-05	2.076e-05	3.38219073617254e-08	103.726773
4_103732173_C_T	4	103732173	1.716e-05	1.53e-05	3.37128921627744e-08	103.732173
4_103785051_G_A	4	103785051	0.0005042	5.637e-05	3.21216205616539e-08	103.785051
4_103832044_T_A	4	103832044	0.01178	0.000211	3.19328747038173e-08	103.832044
4_103825248_T_C	4	103825248	3.605e-05	3.224e-05	3.03573457348742e-08	103.825248
4_103690391_T_C	4	103690391	2.93e-05	1.926e-05	2.78265850130759e-08	103.690391
4_103672369_G_A	4	103672369	0.0275	0.1303	2.61692445574331e-08	103.672369
4_103800194_G_A	4	103800194	0.009803	0.0002284	2.49001923705281e-08	103.800194
4_103771811_A_G	4	103771811	0.00356	0.3657	2.44588411359533e-08	103.771811
4_103693621_C_T	4	103693621	3.097e-05	2.182e-05	2.20642975290094e-08	103.693621
4_103696253_G_A	4	103696253	0.5962	0.4754	1.97574543620509e-08	103.696253
4_103647047_C_T	4	103647047	0.1748	2.886e-06	1.94736656294076e-08	103.647047
4_103719906_A_G	4	103719906	1.369e-05	2.014e-05	1.9375888424964e-08	103.719906
4_103678338_T_C	4	103678338	0.7189	0.9295	1.87288879506811e-08	103.678338
4_103765916_G_A	4	103765916	1.032e-05	3.956e-05	1.83477735307549e-08	103.765916
4_103780496_T_C	4	103780496	2.066e-05	2.657e-05	1.81147266075917e-08	103.780496
4_103770794_G_C	4	103770794	1.643e-05	2.957e-05	1.72986598867758e-08	103.770794
4_103737028_A_C	4	103737028	1.146e-05	2.076e-05	1.62868378799689e-08	103.737028
4_103725297_G_A	4	103725297	0.05847	0.2744	1.61935167709344e-08	103.725297
4_103771245_T_C	4	103771245	0.02553	0.2744	1.61293477697976e-08	103.771245
4_103760515_A_C	4	103760515	0.7032	0.8662	1.60115028972172e-08	103.760515
4_103811384_A_G	4	103811384	0.4385	0.5812	1.60017700921028e-08	103.811384
4_103777392_G_A	4	103777392	7.898e-06	4.432e-05	1.59649455080463e-08	103.777392
4_103736345_T_A	4	103736345	0.05422	3.165e-06	1.56190881682444e-08	103.736345
4_103713359_C_T	4	103713359	2.064e-05	1.996e-05	1.49863812377044e-08	103.713359
4_103759091_G_A	4	103759091	1.319e-05	1.53e-05	1.44354466333878e-08	103.759091
4_103769234_T_C	4	103769234	1.114e-05	3.721e-05	1.44256489727236e-08	103.769234
4_103688439_C_T	4	103688439	0.006	0.8451	1.43017644414486e-08	103.688439
4_103813881_C_T	4	103813881	2.076e-05	3.942e-05	1.42262467416259e-08	103.813881
4_103687208_A_G	4	103687208	2.578e-05	1.926e-05	1.39666421844862e-08	103.687208
4_103802579_A_G	4	103802579	5.111e-06	5.237e-05	1.38418075036003e-08	103.802579
4_103674538_T_C	4	103674538	0.6681	0.9449	1.34579217790488e-08	103.674538
4_103779972_A_G	4	103779972	2.825e-05	2.657e-05	1.33119556895285e-08	103.779972
4_103769313_C_T	4	103769313	0.0215	0.4556	1.29782350072303e-08	103.769313
4_103689069_C_T	4	103689069	3.103e-05	1.801e-05	1.28029991224225e-08	103.689069
4_103794719_A_C	4	103794719	0.04887	0.596	1.2322384940529e-08	103.794719
4_103749516_C_G	4	103749516	1.221e-05	1.943e-05	1.22803810325682e-08	103.749516
4_103789782_G_A	4	103789782	0.005576	0.4783	1.1962008437588e-08	103.789782
4_103723993_T_C	4	103723993	1.961e-05	1.484e-05	1.12474799745286e-08	103.723993
4_103695645_C_T	4	103695645	0.00526	0.8451	1.09346410724862e-08	103.695645
4_103816523_A_G	4	103816523	2.135e-05	3.68e-05	1.07271821364754e-08	103.816523
4_103750316_G_A	4	103750316	1.047e-05	2.076e-05	1.0715284076544e-08	103.750316
4_103723488_C_A	4	103723488	0.06199	0.2744	1.01659606404737e-08	103.723488
4_103807720_T_C	4	103807720	1.406e-05	5.211e-05	9.59966182889245e-09	103.80772
4_103761537_T_C	4	103761537	0.0827	0.809	9.11297954391611e-09	103.761537
4_103751133_T_A	4	103751133	1.089e-05	2.076e-05	8.06806163081951e-09	103.751133
4_103749444_G_A	4	103749444	1.104e-05	2.076e-05	7.34756879880787e-09	103.749444
4_103825780_C_T	4	103825780	0.9002	0.4476	7.04823274708358e-09	103.82578
4_103818616_G_A	4	103818616	0.01398	0.523	6.51928344765077e-09	103.818616
4_103710105_A_G	4	103710105	1.166e-05	0.0001384	6.4161736254619e-09	103.710105
4_103748943_G_A	4	103748943	0.0851	2.734e-06	5.97444445554582e-09	103.748943
4_103676853_A_G	4	103676853	0.8116	0.9295	5.90332336391429e-09	103.676853
4_103634220_C_T	4	103634220	0.003559	3.873e-05	5.48761837826708e-09	103.63422
4_103715117_A_T	4	103715117	1.465e-05	2.014e-05	5.35898847771974e-09	103.715117
4_103668397_C_G	4	103668397	0.01866	0.4603	4.53408540325738e-09	103.668397
4_103766349_G_T	4	103766349	0.004101	0.3657	4.39975272784687e-09	103.766349
4_103817531_C_T	4	103817531	4.535e-05	0.0006923	3.64555236738041e-09	103.817531
4_103812897_A_C	4	103812897	0.05558	0.596	3.60678289851999e-09	103.812897
4_103692343_T_C	4	103692343	2.607e-05	1.926e-05	2.85813285697242e-09	103.692343
4_103685218_C_T	4	103685218	0.4684	0.1887	2.61223069909848e-09	103.685218
4_103675586_C_G	4	103675586	0.7986	0.9295	2.57947523713676e-09	103.675586
4_103794717_G_C	4	103794717	1.353e-05	3.942e-05	2.51500569945837e-09	103.794717
4_103831195_C_T	4	103831195	0.01048	0.3975	2.47155589077281e-09	103.831195
4_103693164_G_A	4	103693164	3.276e-05	2.503e-05	2.3059644494711e-09	103.693164
4_103710930_G_A	4	103710930	1.58e-05	2.014e-05	2.29334230461371e-09	103.71093
4_103796908_A_G	4	103796908	9.843e-06	5.237e-05	2.04399336671234e-09	103.796908
4_103761862_G_A	4	103761862	0.03806	0.001128	2.00765503392037e-09	103.761862
4_103778056_G_T	4	103778056	1.035e-05	3.798e-05	1.94013937805389e-09	103.778056
4_103731737_T_C	4	103731737	1.079e-05	2.076e-05	1.9332732037119e-09	103.731737
4_103714786_G_T	4	103714786	1.305e-05	1.996e-05	1.89558046699452e-09	103.714786
4_103701536_G_A	4	103701536	0.006067	0.7941	1.84850866684475e-09	103.701536
4_103762046_C_T	4	103762046	0.06909	0.2091	1.83302477737337e-09	103.762046
4_103685514_G_C	4	103685514	0.4172	0.05578	1.68250472780964e-09	103.685514
4_103741596_T_A	4	103741596	1.592e-05	1.53e-05	1.62531265218932e-09	103.741596
4_103728010_C_A	4	103728010	1.143e-05	1.53e-05	1.53136996017625e-09	103.72801
4_103738243_G_A	4	103738243	1.713e-05	1.53e-05	1.5097370472819e-09	103.738243
4_103653976_T_C	4	103653976	8.61e-05	3.301e-05	1.42285184508803e-09	103.653976
4_103820499_A_G	4	103820499	0.0172	0.000132	1.34101835935847e-09	103.820499
4_103734725_T_C	4	103734725	1.666e-05	1.53e-05	1.32466719234066e-09	103.734725
4_103729474_A_G	4	103729474	0.5083	0.7898	1.31514929087964e-09	103.729474
4_103827426_G_A	4	103827426	0.5886	0.9449	1.3059400516745e-09	103.827426
4_103715385_C_T	4	103715385	8.761e-06	2.014e-05	1.27871272843667e-09	103.715385
4_103805799_A_G	4	103805799	1.288e-05	5.211e-05	1.27770785217548e-09	103.805799
4_103709571_A_T	4	103709571	2.12e-05	1.996e-05	1.26915897021193e-09	103.709571
4_103636292_A_G	4	103636292	0.06689	0.9234	1.24701362723057e-09	103.636292
4_103811855_C_T	4	103811855	0.03663	0.1876	1.2424360773911e-09	103.811855
4_103815289_A_G	4	103815289	2.074e-05	0.0001284	1.24147384728901e-09	103.815289
4_103761608_G_T	4	103761608	0.07956	0.0001605	1.23681744601562e-09	103.761608
4_103811377_A_C	4	103811377	1.451e-05	7.899e-05	1.19128881620149e-09	103.811377
4_103812499_A_G	4	103812499	1.143e-05	5.237e-05	1.17849918938626e-09	103.812499
4_103802026_A_G	4	103802026	0.004442	0.2667	1.17671249140406e-09	103.802026
4_103750268_C_T	4	103750268	1.047e-05	2.076e-05	1.13179206051779e-09	103.750268
4_103780922_C_T	4	103780922	1.955e-05	3.325e-05	1.06638087855202e-09	103.780922
4_103809645_T_G	4	103809645	1.457e-05	3.942e-05	1.03300162906554e-09	103.809645
4_103712337_A_T	4	103712337	2.471e-05	1.996e-05	1.03206604263193e-09	103.712337
4_103759002_G_C	4	103759002	0.05157	5.604e-06	1.02878440226641e-09	103.759002
4_103754645_A_G	4	103754645	1.37e-05	1.53e-05	8.31199317362422e-10	103.754645
4_103711052_T_C	4	103711052	1.653e-05	1.885e-05	7.76641052662086e-10	103.711052
4_103728206_T_C	4	103728206	0.3454	0.9162	7.75558964385642e-10	103.728206
4_103730493_T_G	4	103730493	1.725e-05	1.53e-05	7.69650131629821e-10	103.730493
4_103781159_C_T	4	103781159	2.848e-05	2.662e-05	7.67767676264238e-10	103.781159
4_103798173_C_A	4	103798173	0.5876	0.9449	4.99876275423577e-10	103.798173
