SNP	chr	pos	GWAS_P	EQTL_P	PP_H4	BP_Mb
5_44776556_A_G	5	44776556	0.1024	0.4066	0.448618155873067	44.776556
5_44759074_A_G	5	44759074	0.9491	0.2561	0.303983254989276	44.759074
5_44834702_G_A	5	44834702	0.7135	0.8641	0.124675982189854	44.834702
5_44783358_G_A	5	44783358	0.8595	0.9958	0.122549374687471	44.783358
5_44822283_A_T	5	44822283	0.8255	0.9958	7.73116202458998e-05	44.822283
5_44826436_G_A	5	44826436	0.8774	0.9958	7.5895706030612e-05	44.826436
5_44774251_A_G	5	44774251	0.5351	0.9462	6.24124867407342e-06	44.774251
5_44899885_C_T	5	44899885	0.601	0.8707	3.04244645721872e-06	44.899885
5_44855716_T_C	5	44855716	0.8322	0.8819	2.49887405750346e-06	44.855716
5_44866902_A_G	5	44866902	0.9263	0.1916	2.26771705561229e-06	44.866902
5_44855712_T_G	5	44855712	0.8322	0.8819	1.91274189897626e-06	44.855712
5_44859172_C_G	5	44859172	0.7988	0.9097	1.41618078072661e-06	44.859172
5_44810740_T_C	5	44810740	0.8835	0.9958	8.98140673913503e-07	44.81074
5_44846575_C_T	5	44846575	0.7149	0.8641	9.88035967433884e-08	44.846575
5_44728480_T_C	5	44728480	0.6713	0.847	8.26577448415499e-08	44.72848
5_44858260_T_G	5	44858260	0.703	0.8472	6.80663172799373e-08	44.85826
5_44908703_G_A	5	44908703	0.9523	0.9033	3.81058925571049e-08	44.908703
5_44791791_G_A	5	44791791	0.8514	0.9958	3.10532148052026e-08	44.791791
5_44863317_C_T	5	44863317	0.7897	0.9097	2.62873341030492e-08	44.863317
5_44866162_T_C	5	44866162	0.8629	0.9097	2.59098649742763e-08	44.866162
5_44886432_G_A	5	44886432	0.992	0.9021	2.19770773436712e-08	44.886432
5_44824702_A_G	5	44824702	0.8825	0.9958	2.06351981357241e-08	44.824702
5_44899424_T_C	5	44899424	0.9321	0.9097	2.04404056576236e-08	44.899424
5_44727935_C_T	5	44727935	0.1312	0.2905	1.9529411846895e-08	44.727935
5_44816452_G_A	5	44816452	4.428e-07	1.617e-05	1.94959804339257e-08	44.816452
5_44803784_C_T	5	44803784	0.8853	0.9958	1.92873359580708e-08	44.803784
5_44850092_C_T	5	44850092	0.7321	0.3182	1.92297100794521e-08	44.850092
5_44774253_T_C	5	44774253	0.1074	0.4791	1.91992610365072e-08	44.774253
5_44883965_T_A	5	44883965	0.605	0.002979	1.90171783290464e-08	44.883965
5_44907327_A_C	5	44907327	0.6832	0.4305	1.8771025830187e-08	44.907327
5_44767659_T_C	5	44767659	0.07704	0.4066	1.86299045060929e-08	44.767659
5_44887679_T_C	5	44887679	0.9291	0.9021	1.86023947646864e-08	44.887679
5_44768121_C_T	5	44768121	0.6229	0.1837	1.86016486268249e-08	44.768121
5_44876507_C_T	5	44876507	0.9291	0.9021	1.8484726030908e-08	44.876507
5_44808356_G_A	5	44808356	0.8293	0.9958	1.84293480866349e-08	44.808356
5_44770345_C_T	5	44770345	0.9119	0.8741	1.81049254241918e-08	44.770345
5_44890056_A_G	5	44890056	0.9604	0.9097	1.76490380890673e-08	44.890056
5_44747140_G_T	5	44747140	0.1186	0.4791	1.75662737775302e-08	44.74714
5_44785763_A_C	5	44785763	0.8628	0.9912	1.74655943561867e-08	44.785763
5_44892801_T_G	5	44892801	0.9914	0.9097	1.73909827372809e-08	44.892801
5_44888557_C_G	5	44888557	0.9313	0.9097	1.71398455525779e-08	44.888557
5_44809446_G_C	5	44809446	0.7082	0.08924	1.68302515201566e-08	44.809446
5_44820769_G_T	5	44820769	3.577e-06	0.4457	1.67717288014254e-08	44.820769
5_44780630_C_T	5	44780630	0.3281	0.2125	1.6724932205049e-08	44.78063
5_44811508_A_G	5	44811508	0.0864	0.4791	1.66433751604496e-08	44.811508
5_44889423_T_C	5	44889423	0.6653	0.4305	1.65357692486365e-08	44.889423
5_44858672_T_C	5	44858672	0.09538	0.716	1.61064582183723e-08	44.858672
5_44850526_C_G	5	44850526	0.06875	0.8159	1.59628415167467e-08	44.850526
5_44787723_C_T	5	44787723	0.7006	0.8641	1.5541259519228e-08	44.787723
5_44729621_G_A	5	44729621	0.1316	0.2905	1.53238151514948e-08	44.729621
5_44783255_C_T	5	44783255	0.9164	0.9958	1.53020889004325e-08	44.783255
5_44721337_C_T	5	44721337	0.1274	0.2905	1.51965377097517e-08	44.721337
5_44875005_A_C	5	44875005	0.005291	0.1477	1.50308750065481e-08	44.875005
5_44861045_A_G	5	44861045	0.9245	0.0714	1.5028759946306e-08	44.861045
5_44796042_T_C	5	44796042	0.8467	0.9958	1.48626827846293e-08	44.796042
5_44768557_T_C	5	44768557	0.1082	0.4066	1.46356612232508e-08	44.768557
5_44799052_C_A	5	44799052	0.8391	0.9958	1.45980567726676e-08	44.799052
5_44907882_G_A	5	44907882	0.5939	0.8642	1.4319291399385e-08	44.907882
5_44863959_C_T	5	44863959	0.7897	0.9097	1.42929471856912e-08	44.863959
5_44870852_T_C	5	44870852	0.6397	0.9828	1.42841921024891e-08	44.870852
5_44831722_G_T	5	44831722	0.08274	0.4791	1.42820647985706e-08	44.831722
5_44800917_A_C	5	44800917	0.2568	0.1514	1.42717680614937e-08	44.800917
5_44753510_T_C	5	44753510	0.1673	0.2154	1.41629840144562e-08	44.75351
5_44834791_T_C	5	44834791	0.822	0.9958	1.41118042912773e-08	44.834791
5_44823321_A_G	5	44823321	0.3566	0.9178	1.40547653072008e-08	44.823321
5_44806737_T_G	5	44806737	0.8309	0.9958	1.39303042606478e-08	44.806737
5_44725897_C_T	5	44725897	0.1268	0.2905	1.39115355661295e-08	44.725897
5_44808164_T_C	5	44808164	0.829	0.9958	1.38684418047133e-08	44.808164
5_44751956_C_A	5	44751956	0.9442	0.9286	1.38516583773832e-08	44.751956
5_44728086_G_A	5	44728086	0.7045	0.3182	1.37978946456556e-08	44.728086
5_44739160_A_G	5	44739160	0.1107	0.4791	1.37658433570906e-08	44.73916
5_44860506_T_C	5	44860506	0.7986	0.9054	1.36344790889362e-08	44.860506
5_44858008_G_A	5	44858008	0.06662	0.8159	1.36057251352502e-08	44.858008
5_44823134_T_C	5	44823134	0.7132	0.8641	1.3359324174733e-08	44.823134
5_44727423_G_A	5	44727423	0.09007	0.2905	1.33351302402287e-08	44.727423
5_44797846_T_A	5	44797846	0.846	0.9958	1.33078766064658e-08	44.797846
5_44837772_G_A	5	44837772	0.06103	0.4791	1.29814791435474e-08	44.837772
5_44740989_A_C	5	44740989	0.6383	0.7328	1.28978352733193e-08	44.740989
5_44861772_T_C	5	44861772	0.5944	0.4305	1.261974152018e-08	44.861772
5_44888532_G_C	5	44888532	0.936	0.2561	1.25642853254684e-08	44.888532
5_44718509_G_A	5	44718509	0.4601	0.9174	1.24071680123329e-08	44.718509
5_44783102_T_A	5	44783102	0.8585	0.9958	1.23937989345364e-08	44.783102
5_44901349_A_G	5	44901349	0.0008519	0.03497	1.22916785999112e-08	44.901349
5_44728026_G_T	5	44728026	0.1254	0.2905	1.2211104701821e-08	44.728026
5_44731817_T_C	5	44731817	0.1227	0.4791	1.2053715114799e-08	44.731817
5_44836788_G_A	5	44836788	0.8214	0.9958	1.19239958633455e-08	44.836788
5_44858741_C_T	5	44858741	0.8122	0.9097	1.14455174098232e-08	44.858741
5_44880288_G_T	5	44880288	0.9992	0.9097	1.11680505500446e-08	44.880288
5_44861664_C_A	5	44861664	7.802e-07	4.957e-05	1.09619381343608e-08	44.861664
5_44914579_G_A	5	44914579	0.9479	0.373	9.40516494458994e-09	44.914579
5_44796285_T_C	5	44796285	0.0003553	0.0142	9.08081441162652e-09	44.796285
5_44884241_T_C	5	44884241	0.915	0.9502	9.01490022467466e-09	44.884241
5_44865854_T_C	5	44865854	0.6384	0.9097	8.88589147421468e-09	44.865854
5_44843590_C_T	5	44843590	0.8127	0.9958	8.85406215163008e-09	44.84359
5_44890884_G_A	5	44890884	0.1231	0.8159	8.80919429342868e-09	44.890884
5_44886000_A_G	5	44886000	0.9785	0.9021	8.79453172424871e-09	44.886
5_44827680_G_C	5	44827680	0.8312	0.8121	8.75567886103386e-09	44.82768
5_44848822_C_T	5	44848822	0.8305	0.8355	8.5398943603107e-09	44.848822
5_44796962_A_T	5	44796962	0.7041	0.8641	8.41232311747427e-09	44.796962
5_44883733_C_T	5	44883733	0.109	0.8159	7.6064407593671e-09	44.883733
5_44718359_G_A	5	44718359	0.4367	0.02218	7.54180968057414e-09	44.718359
5_44804052_T_C	5	44804052	0.8311	0.9958	7.53358478869547e-09	44.804052
5_44905186_G_T	5	44905186	0.09458	0.8159	7.09027576112679e-09	44.905186
5_44814004_G_A	5	44814004	0.8236	0.9958	6.96449757637209e-09	44.814004
5_44802928_A_T	5	44802928	0.8439	0.07574	6.92080370747963e-09	44.802928
5_44776604_C_G	5	44776604	0.3791	0.8883	6.82883893766236e-09	44.776604
5_44844452_T_C	5	44844452	0.7179	0.3182	6.78721621929676e-09	44.844452
5_44867336_G_C	5	44867336	0.8614	0.9097	6.3194806205258e-09	44.867336
5_44717289_A_C	5	44717289	0.2913	0.2905	6.18485128904218e-09	44.717289
5_44797114_C_T	5	44797114	0.09343	0.4791	6.04595549861551e-09	44.797114
5_44869795_T_C	5	44869795	0.966	0.2561	5.94481764245584e-09	44.869795
5_44790379_C_T	5	44790379	0.8978	0.9958	5.86674107129203e-09	44.790379
5_44782036_C_T	5	44782036	0.0336	0.8261	5.46981208988131e-09	44.782036
5_44916492_T_C	5	44916492	0.947	0.9147	5.28077107162222e-09	44.916492
5_44914285_A_G	5	44914285	0.622	0.7569	4.31440781130462e-09	44.914285
5_44742337_G_A	5	44742337	0.125	0.2905	3.51211398619518e-09	44.742337
5_44803546_A_G	5	44803546	0.4642	0.01317	3.46212579961316e-09	44.803546
5_44828681_A_C	5	44828681	0.8144	0.9958	3.42702078894815e-09	44.828681
5_44814597_A_C	5	44814597	0.8333	0.9452	3.13007057239819e-09	44.814597
5_44828594_G_A	5	44828594	0.7117	0.8641	2.90025661486308e-09	44.828594
5_44743247_A_G	5	44743247	0.6483	0.6985	2.89465624342843e-09	44.743247
5_44832571_C_A	5	44832571	0.8168	0.9958	2.26167117760322e-09	44.832571
5_44885240_A_T	5	44885240	0.9956	0.9097	2.24489128631952e-09	44.88524
5_44806448_T_C	5	44806448	0.7366	0.2564	1.29501356240104e-09	44.806448
5_44881504_C_T	5	44881504	0.9992	0.9097	1.23134502493123e-09	44.881504
5_44908458_G_A	5	44908458	0.219	0.6269	1.07651660827835e-09	44.908458
5_44901331_G_A	5	44901331	0.001986	0.02474	8.65293583994388e-10	44.901331
5_44828964_G_C	5	44828964	0.7169	0.9515	8.26840289971335e-10	44.828964
5_44905086_T_C	5	44905086	0.5997	0.8642	7.08398590381778e-10	44.905086
5_44819646_T_G	5	44819646	0.8228	0.946	6.28920301854209e-10	44.819646
5_44823079_G_C	5	44823079	0.7132	0.8641	5.69072204644397e-10	44.823079
5_44718520_G_T	5	44718520	0.1298	0.2905	5.67678413056427e-10	44.71852
5_44850946_A_G	5	44850946	0.07145	0.716	5.64061785185065e-10	44.850946
5_44800665_G_A	5	44800665	0.8396	0.9958	5.61946764689123e-10	44.800665
5_44837377_C_T	5	44837377	0.08238	0.4791	5.59470736628898e-10	44.837377
5_44875449_A_G	5	44875449	0.3114	0.6176	5.58220783700458e-10	44.875449
5_44782295_T_C	5	44782295	0.8586	0.9958	5.55563002814584e-10	44.782295
5_44871379_A_T	5	44871379	7.663e-07	4.957e-05	5.54736718759426e-10	44.871379
5_44752169_A_G	5	44752169	0.6522	0.6985	5.52869523727939e-10	44.752169
5_44739493_C_T	5	44739493	0.1253	0.2905	5.51204680495224e-10	44.739493
5_44898129_G_T	5	44898129	0.9281	0.9097	5.48832375921034e-10	44.898129
5_44729897_C_T	5	44729897	0.08902	0.2905	5.48558382719397e-10	44.729897
5_44828231_A_G	5	44828231	0.818	0.9958	5.48480754024679e-10	44.828231
5_44817919_G_A	5	44817919	0.833	0.9958	5.39233599200363e-10	44.817919
5_44721738_C_T	5	44721738	0.6406	0.847	5.38376024999569e-10	44.721738
5_44796979_C_T	5	44796979	0.5788	0.01629	5.3685900503604e-10	44.796979
5_44890760_G_A	5	44890760	0.989	0.9097	5.34722743059487e-10	44.89076
5_44832226_C_T	5	44832226	0.8168	0.9326	5.30191006245732e-10	44.832226
5_44853593_G_C	5	44853593	0.01562	0.02412	5.29434669471063e-10	44.853593
5_44883243_T_C	5	44883243	0.9253	0.9097	5.26983349005408e-10	44.883243
5_44871381_A_C	5	44871381	0.9321	0.9021	5.25893345417494e-10	44.871381
5_44825328_C_G	5	44825328	0.1036	0.4066	5.25839364532899e-10	44.825328
5_44823953_C_A	5	44823953	0.08304	0.4791	5.25155984029275e-10	44.823953
5_44869100_T_C	5	44869100	0.853	0.9021	5.24674732273856e-10	44.8691
5_44853352_A_G	5	44853352	0.8072	0.9267	5.2453871014967e-10	44.853352
5_44737710_C_T	5	44737710	0.934	0.9172	5.24484387808875e-10	44.73771
5_44848401_T_C	5	44848401	0.7999	0.9267	5.23595176290987e-10	44.848401
5_44833874_A_G	5	44833874	0.08705	0.4791	5.23232623276248e-10	44.833874
5_44842260_G_A	5	44842260	0.8068	0.9958	5.22422620119018e-10	44.84226
5_44870237_A_T	5	44870237	0.9262	0.9021	5.21668540117277e-10	44.870237
5_44855614_A_G	5	44855614	0.786	0.8629	5.21282443975901e-10	44.855614
5_44834721_G_C	5	44834721	0.8159	0.9958	5.21282443975901e-10	44.834721
5_44722000_T_A	5	44722000	0.1139	0.4791	5.21282443975901e-10	44.722
5_44818181_A_G	5	44818181	0.6122	0.9958	5.21205546003632e-10	44.818181
5_44862884_G_T	5	44862884	0.7959	0.9097	5.21032403790795e-10	44.862884
5_44793984_G_C	5	44793984	0.8563	0.9958	5.20873555021858e-10	44.793984
5_44892902_C_A	5	44892902	0.9798	0.9097	5.20848100140461e-10	44.892902
5_44837010_A_T	5	44837010	0.7186	0.8353	5.2049297160731e-10	44.83701
5_44842740_A_C	5	44842740	0.8124	0.9958	5.2026589385664e-10	44.84274
5_44804571_C_A	5	44804571	0.09747	0.4791	5.18357062616574e-10	44.804571
5_44763508_C_T	5	44763508	0.1104	0.4791	5.17344390076629e-10	44.763508
5_44856451_T_G	5	44856451	0.6988	0.8472	5.14295113467104e-10	44.856451
5_44865986_C_T	5	44865986	0.9141	0.9097	5.13857832614498e-10	44.865986
5_44768752_C_A	5	44768752	0.3324	0.4791	5.13795227582038e-10	44.768752
5_44874692_G_C	5	44874692	0.1077	0.8159	5.13795227582038e-10	44.874692
5_44903376_C_T	5	44903376	0.9674	0.9033	5.12815747575905e-10	44.903376
5_44817309_G_A	5	44817309	0.7148	0.8641	5.12621551213251e-10	44.817309
5_44718764_A_G	5	44718764	0.9232	0.0253	5.12018599517577e-10	44.718764
5_44854730_G_A	5	44854730	0.07183	0.716	5.11690951002004e-10	44.85473
5_44751744_T_C	5	44751744	0.1777	0.2154	5.11175261174023e-10	44.751744
5_44834263_G_A	5	44834263	0.0003741	0.03497	5.10534426326221e-10	44.834263
5_44728680_A_G	5	44728680	0.1382	0.2905	5.10481667578155e-10	44.72868
5_44877691_T_C	5	44877691	0.098	0.8159	5.09799899866544e-10	44.877691
5_44846844_A_C	5	44846844	0.7958	0.9267	5.09517925649863e-10	44.846844
5_44820850_G_C	5	44820850	0.6986	0.8641	5.09495800562061e-10	44.82085
5_44785375_T_C	5	44785375	0.1015	0.4066	5.09286723962749e-10	44.785375
5_44823367_C_T	5	44823367	0.7132	0.8641	5.08641464315419e-10	44.823367
5_44808079_A_G	5	44808079	0.8274	0.9958	5.08627669351271e-10	44.808079
5_44789245_G_A	5	44789245	0.0659	0.1516	5.08627669351271e-10	44.789245
5_44816984_G_A	5	44816984	0.7163	0.8641	5.07922656727181e-10	44.816984
5_44743855_T_C	5	44743855	0.1174	0.2905	5.07396834609336e-10	44.743855
5_44777745_A_T	5	44777745	0.3255	0.2125	5.07307379253378e-10	44.777745
5_44872007_C_T	5	44872007	0.927	0.9021	5.06640952842265e-10	44.872007
5_44857988_C_T	5	44857988	0.8058	0.9097	5.06515748786917e-10	44.857988
5_44821736_C_T	5	44821736	0.8284	0.9958	5.06488445148861e-10	44.821736
5_44872353_T_A	5	44872353	0.6371	0.3317	5.06469378143032e-10	44.872353
5_44786141_G_T	5	44786141	0.8555	0.9958	5.06412540212487e-10	44.786141
5_44895091_G_A	5	44895091	0.9671	0.9097	5.06315416376797e-10	44.895091
5_44730231_C_T	5	44730231	0.1136	0.4791	5.06276496567211e-10	44.730231
5_44892929_C_T	5	44892929	0.9933	0.9097	5.06096273520446e-10	44.892929
5_44839822_G_A	5	44839822	0.8101	0.9958	5.06007184851831e-10	44.839822
5_44824287_G_A	5	44824287	0.0009366	0.01796	5.05859118544157e-10	44.824287
5_44903891_T_C	5	44903891	0.9317	0.9033	5.05592867575573e-10	44.903891
5_44822617_G_A	5	44822617	0.8745	0.9958	5.05505136357663e-10	44.822617
5_44832972_G_C	5	44832972	0.1994	0.6673	5.05278396129187e-10	44.832972
5_44740589_T_C	5	44740589	0.08555	0.2905	5.05272801479621e-10	44.740589
5_44812566_C_T	5	44812566	0.8206	0.9958	5.05057116022403e-10	44.812566
5_44822458_G_A	5	44822458	0.005871	0.1718	5.04999947014311e-10	44.822458
5_44802638_A_G	5	44802638	0.7139	0.8641	5.04965797130071e-10	44.802638
5_44901131_T_C	5	44901131	0.9762	0.9097	5.04758605573671e-10	44.901131
5_44863729_T_G	5	44863729	0.7953	0.9097	5.04625711763487e-10	44.863729
5_44910662_G_A	5	44910662	0.9721	0.935	5.04589829483446e-10	44.910662
5_44796290_G_A	5	44796290	0.8472	0.9958	5.04562419967828e-10	44.79629
5_44777878_G_A	5	44777878	0.6566	0.7786	5.04299259718518e-10	44.777878
5_44795797_G_A	5	44795797	0.4492	0.02417	5.04074997243944e-10	44.795797
5_44790567_A_G	5	44790567	0.7001	0.8641	5.04033206287162e-10	44.790567
5_44797770_G_A	5	44797770	0.6693	0.7608	5.03891870932165e-10	44.79777
5_44783838_G_A	5	44783838	0.8606	0.9958	5.03811695598926e-10	44.783838
5_44904027_G_C	5	44904027	0.1132	0.8159	5.03797927945765e-10	44.904027
5_44855739_T_C	5	44855739	0.8321	0.8819	5.03784169313865e-10	44.855739
5_44872172_G_A	5	44872172	0.9308	0.9021	5.03524467168369e-10	44.872172
5_44901894_A_C	5	44901894	0.6048	0.6426	5.03386222036647e-10	44.901894
5_44804525_C_T	5	44804525	0.831	0.9958	5.03219708632336e-10	44.804525
5_44827292_G_T	5	44827292	0.7172	0.8641	5.02712564223515e-10	44.827292
5_44728767_G_A	5	44728767	0.1249	0.4791	5.02647486813494e-10	44.728767
5_44871657_C_T	5	44871657	0.6366	0.9416	5.02505098066163e-10	44.871657
5_44891053_G_T	5	44891053	0.1271	0.8159	5.02034016795552e-10	44.891053
5_44800088_G_A	5	44800088	0.08317	0.4066	5.01983813009277e-10	44.800088
5_44881229_A_C	5	44881229	0.9315	0.9097	5.01834046641989e-10	44.881229
5_44900447_A_C	5	44900447	0.9259	0.9097	5.01747267510962e-10	44.900447
5_44803749_G_A	5	44803749	0.8448	0.9958	5.01685545788298e-10	44.803749
5_44746424_C_A	5	44746424	0.08374	0.2905	5.01175722591587e-10	44.746424
5_44783581_A_T	5	44783581	6.554e-07	1.617e-05	5.00851207644264e-10	44.783581
5_44870879_G_A	5	44870879	0.6487	0.959	5.00704464391414e-10	44.870879
5_44723641_C_T	5	44723641	0.08538	0.2905	5.00692860744117e-10	44.723641
5_44798609_C_T	5	44798609	0.8407	0.9958	5.00600343011089e-10	44.798609
5_44879577_G_A	5	44879577	0.621	0.8472	5.0034876957621e-10	44.879577
5_44840147_C_T	5	44840147	0.8167	0.9958	5.00337433591088e-10	44.840147
5_44857028_A_G	5	44857028	0.8104	0.9097	5.00297813837421e-10	44.857028
5_44743641_T_A	5	44743641	0.08392	0.2905	5.00235797149744e-10	44.743641
5_44900954_T_A	5	44900954	0.9257	0.9097	5.0011252086031e-10	44.900954
5_44867318_G_A	5	44867318	0.09563	0.4791	4.9999445700054e-10	44.867318
5_44727706_A_G	5	44727706	0.08973	0.2905	4.99912439813108e-10	44.727706
5_44805926_A_G	5	44805926	0.7088	0.8641	4.99901455418637e-10	44.805926
5_44897836_T_C	5	44897836	0.6801	0.8707	4.99890479584287e-10	44.897836
5_44736910_G_A	5	44736910	0.08658	0.2905	4.99507243663249e-10	44.73691
5_44821679_G_A	5	44821679	0.8272	0.9958	4.98783936459898e-10	44.821679
5_44892315_C_T	5	44892315	0.3277	0.8169	4.9867269992119e-10	44.892315
5_44847992_T_A	5	44847992	0.8059	0.9267	4.98643713606232e-10	44.847992
5_44891620_T_C	5	44891620	0.9623	0.9148	4.98616923102769e-10	44.89162
5_44884094_G_A	5	44884094	0.0006162	0.03497	4.98427328113909e-10	44.884094
5_44786696_C_T	5	44786696	0.8554	0.9958	4.98381172863907e-10	44.786696
5_44775027_C_T	5	44775027	0.916	0.9588	4.98297938395307e-10	44.775027
5_44722521_T_G	5	44722521	0.122	0.4791	4.98262454640221e-10	44.722521
5_44895588_G_A	5	44895588	0.9623	0.9097	4.98262454640221e-10	44.895588
5_44785791_C_T	5	44785791	0.8626	0.9912	4.98168933807003e-10	44.785791
5_44908935_T_C	5	44908935	0.959	0.9033	4.97965090252545e-10	44.908935
5_44780403_A_T	5	44780403	0.7002	0.822	4.97941683960576e-10	44.780403
5_44777316_T_A	5	44777316	0.0791	0.2905	4.97930028899573e-10	44.777316
5_44789172_T_C	5	44789172	0.7008	0.8641	4.97803937374719e-10	44.789172
5_44791928_A_T	5	44791928	0.03418	0.8261	4.97779629790166e-10	44.791928
5_44741699_T_C	5	44741699	0.1191	0.2905	4.97743687129167e-10	44.741699
5_44809945_G_C	5	44809945	0.8251	0.9958	4.97627440339413e-10	44.809945
5_44785864_A_G	5	44785864	0.8627	0.9912	4.97616680756398e-10	44.785864
5_44843494_C_T	5	44843494	0.8137	0.9958	4.97611127206713e-10	44.843494
5_44789974_G_A	5	44789974	0.0008432	0.01796	4.97584593447819e-10	44.789974
5_44796062_T_C	5	44796062	0.8444	0.9958	4.97527266792727e-10	44.796062
5_44912853_C_T	5	44912853	0.9683	0.9033	4.9710060851762e-10	44.912853
5_44809369_C_T	5	44809369	0.9336	0.2561	4.96992343137341e-10	44.809369
5_44787546_C_T	5	44787546	0.2216	0.3962	4.96868544228409e-10	44.787546
5_44841457_T_A	5	44841457	0.9101	0.1453	4.96701130221728e-10	44.841457
5_44876288_T_C	5	44876288	0.6364	0.9653	4.96604837494107e-10	44.876288
5_44741372_T_C	5	44741372	0.08506	0.2905	4.96580184895074e-10	44.741372
5_44736663_T_C	5	44736663	0.1215	0.2905	4.96477221042563e-10	44.736663
5_44820768_A_T	5	44820768	3.647e-06	0.4457	4.9645750973705e-10	44.820768
5_44834233_G_A	5	44834233	0.8154	0.9958	4.96395225543646e-10	44.834233
5_44828203_G_A	5	44828203	0.8702	0.9958	4.96337974634776e-10	44.828203
5_44846378_A_G	5	44846378	0.845	0.9267	4.96337974634776e-10	44.846378
5_44913079_T_G	5	44913079	0.965	0.8557	4.96322170453268e-10	44.913079
5_44895199_T_C	5	44895199	0.9671	0.9097	4.96205935763006e-10	44.895199
5_44717650_A_T	5	44717650	0.08885	0.2905	4.96205935763006e-10	44.71765
5_44885047_C_A	5	44885047	0.1264	0.8159	4.9611608481932e-10	44.885047
5_44798112_C_T	5	44798112	0.6231	0.9958	4.96017559418668e-10	44.798112
5_44908199_C_T	5	44908199	0.9937	0.9033	4.95957883544611e-10	44.908199
5_44834520_A_G	5	44834520	0.08354	0.4791	4.959434227706e-10	44.83452
5_44883536_C_T	5	44883536	0.9789	0.9097	4.95917829964575e-10	44.883536
5_44836556_A_C	5	44836556	0.8251	0.9958	4.95792268024573e-10	44.836556
5_44881978_G_A	5	44881978	0.9515	0.9097	4.95784990672284e-10	44.881978
5_44767085_T_C	5	44767085	0.1078	0.4066	4.95784990672284e-10	44.767085
5_44891014_T_G	5	44891014	0.9623	0.9097	4.9571803960779e-10	44.891014
5_44831194_T_A	5	44831194	0.08303	0.4791	4.95494342358051e-10	44.831194
5_44904030_A_G	5	44904030	0.9374	0.9033	4.95321250903925e-10	44.90403
5_44858451_G_A	5	44858451	0.7028	0.8472	4.95302980092971e-10	44.858451
5_44837129_C_T	5	44837129	0.8648	0.9749	4.95291689798369e-10	44.837129
5_44762116_C_T	5	44762116	0.07817	0.2905	4.95101707315837e-10	44.762116
5_44733695_A_G	5	44733695	0.08801	0.2905	4.94685485242329e-10	44.733695
5_44900091_G_A	5	44900091	0.621	0.8329	4.94631565510598e-10	44.900091
5_44766053_G_A	5	44766053	0.1081	0.4066	4.94107392559213e-10	44.766053
5_44879146_G_T	5	44879146	0.9815	0.9097	4.93892725975629e-10	44.879146
