SNP	chr	pos	GWAS_P	EQTL_P	PP_H4	BP_Mb
5_44793984_G_C	5	44793984	0.8563	0.8289	0.374019507614686	44.793984
5_44783255_C_T	5	44783255	0.9164	0.8289	0.254653533833997	44.783255
5_44817919_G_A	5	44817919	0.833	0.8289	0.186979374702772	44.817919
5_44817309_G_A	5	44817309	0.7148	0.9716	0.183790053599786	44.817309
5_44901131_T_C	5	44901131	0.9762	0.8676	0.000271367703052658	44.901131
5_44823953_C_A	5	44823953	0.08304	0.2767	0.000266397772438086	44.823953
5_44804571_C_A	5	44804571	0.09747	0.2767	5.9823955253588e-06	44.804571
5_44818181_A_G	5	44818181	0.6122	0.8289	2.13527369688235e-06	44.818181
5_44848401_T_C	5	44848401	0.7999	0.854	1.95220336423627e-06	44.848401
5_44861664_C_A	5	44861664	7.802e-07	0.0001595	1.34241556038505e-06	44.861664
5_44885047_C_A	5	44885047	0.1264	0.3627	9.93724147767137e-07	44.885047
5_44869100_T_C	5	44869100	0.853	0.668	8.05987699699456e-07	44.8691
5_44751956_C_A	5	44751956	0.9442	0.8129	7.31430240645349e-07	44.751956
5_44814597_A_C	5	44814597	0.8333	0.8034	3.65706592421275e-07	44.814597
5_44721738_C_T	5	44721738	0.6406	0.177	1.72259302121701e-07	44.721738
5_44879577_G_A	5	44879577	0.621	0.9855	1.694678378758e-07	44.879577
5_44827680_G_C	5	44827680	0.8312	0.7428	1.67034389247376e-07	44.82768
5_44855614_A_G	5	44855614	0.786	0.812	1.30819420575136e-07	44.855614
5_44722521_T_G	5	44722521	0.122	0.2767	1.26725114086963e-07	44.722521
5_44824287_G_A	5	44824287	0.0009366	0.8347	8.77762884142205e-08	44.824287
5_44820768_A_T	5	44820768	3.647e-06	0.3979	8.32293248179568e-08	44.820768
5_44871381_A_C	5	44871381	0.9321	0.668	7.41338886497655e-08	44.871381
5_44785375_T_C	5	44785375	0.1015	0.3985	7.22671755787579e-08	44.785375
5_44775027_C_T	5	44775027	0.916	0.9208	6.84564195262075e-08	44.775027
5_44777745_A_T	5	44777745	0.3255	0.5754	6.74284283507363e-08	44.777745
5_44730231_C_T	5	44730231	0.1136	0.2767	6.71939639434681e-08	44.730231
5_44816984_G_A	5	44816984	0.7163	0.9716	6.70064788698165e-08	44.816984
5_44786141_G_T	5	44786141	0.8555	0.8289	6.66797301381246e-08	44.786141
5_44740589_T_C	5	44740589	0.08555	0.4557	6.60794447749269e-08	44.740589
5_44899885_C_T	5	44899885	0.601	0.9778	6.45286353956724e-08	44.899885
5_44846575_C_T	5	44846575	0.7149	0.9716	6.3533475473162e-08	44.846575
5_44808079_A_G	5	44808079	0.8274	0.8289	6.32620655592997e-08	44.808079
5_44796962_A_T	5	44796962	0.7041	0.9716	6.24570224417508e-08	44.796962
5_44881229_A_C	5	44881229	0.9315	0.8676	6.21052328858733e-08	44.881229
5_44802638_A_G	5	44802638	0.7139	0.9716	6.12032072013051e-08	44.802638
5_44867336_G_C	5	44867336	0.8614	0.8676	6.00656588743777e-08	44.867336
5_44860506_T_C	5	44860506	0.7986	0.8872	5.918540671693e-08	44.860506
5_44832571_C_A	5	44832571	0.8168	0.8289	5.89771931390824e-08	44.832571
5_44828231_A_G	5	44828231	0.818	0.8289	5.86267073545133e-08	44.828231
5_44800665_G_A	5	44800665	0.8396	0.8289	5.73408297995116e-08	44.800665
5_44740989_A_C	5	44740989	0.6383	0.8546	5.60138155930703e-08	44.740989
5_44861045_A_G	5	44861045	0.9245	0.4083	5.59179283735389e-08	44.861045
5_44900091_G_A	5	44900091	0.621	0.9809	5.5667611058694e-08	44.900091
5_44796042_T_C	5	44796042	0.8467	0.8289	5.53194990257085e-08	44.796042
5_44753510_T_C	5	44753510	0.1673	0.1841	5.51542177892002e-08	44.75351
5_44850946_A_G	5	44850946	0.07145	0.4978	5.50668845356506e-08	44.850946
5_44752169_A_G	5	44752169	0.6522	0.9856	5.46686282942032e-08	44.752169
5_44766053_G_A	5	44766053	0.1081	0.3985	5.45446390487737e-08	44.766053
5_44831722_G_T	5	44831722	0.08274	0.2767	5.44854487532563e-08	44.831722
5_44863959_C_T	5	44863959	0.7897	0.8676	5.43705435882116e-08	44.863959
5_44768557_T_C	5	44768557	0.1082	0.3985	5.38386300410792e-08	44.768557
5_44914579_G_A	5	44914579	0.9479	0.4374	5.34338690638399e-08	44.914579
5_44727423_G_A	5	44727423	0.09007	0.4557	5.33528261925472e-08	44.727423
5_44888532_G_C	5	44888532	0.936	0.7135	5.32892052994941e-08	44.888532
5_44861772_T_C	5	44861772	0.5944	0.9122	5.31802956406767e-08	44.861772
5_44728086_G_A	5	44728086	0.7045	0.917	5.30174714579703e-08	44.728086
5_44876507_C_T	5	44876507	0.9291	0.668	5.2858637695707e-08	44.876507
5_44886000_A_G	5	44886000	0.9785	0.668	5.15417082111061e-08	44.886
5_44727706_A_G	5	44727706	0.08973	0.4557	5.13707499931828e-08	44.727706
5_44899424_T_C	5	44899424	0.9321	0.8676	5.10164033504971e-08	44.899424
5_44901331_G_A	5	44901331	0.001986	0.8404	5.0772243219669e-08	44.901331
5_44854730_G_A	5	44854730	0.07183	0.4978	5.04483437140298e-08	44.85473
5_44850092_C_T	5	44850092	0.7321	0.917	5.04304033466931e-08	44.850092
5_44855712_T_G	5	44855712	0.8322	0.7363	5.0299640887619e-08	44.855712
5_44907327_A_C	5	44907327	0.6832	0.9122	5.02087919719353e-08	44.907327
5_44837377_C_T	5	44837377	0.08238	0.2767	4.98190372494088e-08	44.837377
5_44739160_A_G	5	44739160	0.1107	0.2767	4.9527502466435e-08	44.73916
5_44887679_T_C	5	44887679	0.9291	0.668	4.90072387982139e-08	44.887679
5_44821736_C_T	5	44821736	0.8284	0.8289	4.82698669954112e-08	44.821736
5_44799052_C_A	5	44799052	0.8391	0.8289	4.795075522093e-08	44.799052
5_44797114_C_T	5	44797114	0.09343	0.2767	4.79161848471e-08	44.797114
5_44880288_G_T	5	44880288	0.9992	0.8676	4.66955834138174e-08	44.880288
5_44842740_A_C	5	44842740	0.8124	0.8289	4.65190555779407e-08	44.84274
5_44914285_A_G	5	44914285	0.622	0.7236	4.55635702045026e-08	44.914285
5_44736663_T_C	5	44736663	0.1215	0.4557	4.4858116579344e-08	44.736663
5_44787546_C_T	5	44787546	0.2216	0.2673	4.36957069034485e-08	44.787546
5_44727935_C_T	5	44727935	0.1312	0.4557	4.31235337987868e-08	44.727935
5_44907882_G_A	5	44907882	0.5939	0.9526	4.26469918804675e-08	44.907882
5_44883965_T_A	5	44883965	0.605	0.4818	4.19955760610563e-08	44.883965
5_44823079_G_C	5	44823079	0.7132	0.9716	4.10877842777596e-08	44.823079
5_44774253_T_C	5	44774253	0.1074	0.2767	4.10121921734418e-08	44.774253
5_44790379_C_T	5	44790379	0.8978	0.8289	4.09870703318711e-08	44.790379
5_44808356_G_A	5	44808356	0.8293	0.8289	4.06392757633473e-08	44.808356
5_44828594_G_A	5	44828594	0.7117	0.9716	4.04924206315732e-08	44.828594
5_44836788_G_A	5	44836788	0.8214	0.8289	3.99177694182591e-08	44.836788
5_44870852_T_C	5	44870852	0.6397	0.7016	3.95916880853687e-08	44.870852
5_44768121_C_T	5	44768121	0.6229	0.4739	3.94997200966146e-08	44.768121
5_44883733_C_T	5	44883733	0.109	0.3627	3.93854964407679e-08	44.883733
5_44783102_T_A	5	44783102	0.8585	0.8289	3.71581071362421e-08	44.783102
5_44737710_C_T	5	44737710	0.934	0.9577	3.38223622525865e-08	44.73771
5_44718359_G_A	5	44718359	0.4367	0.3573	3.27231209279708e-08	44.718359
5_44879146_G_T	5	44879146	0.9815	0.8676	3.16759118148032e-08	44.879146
5_44867318_G_A	5	44867318	0.09563	0.2767	2.42224114513023e-08	44.867318
5_44791928_A_T	5	44791928	0.03418	0.132	2.35497094037632e-08	44.791928
5_44741372_T_C	5	44741372	0.08506	0.4557	2.31274455637366e-08	44.741372
5_44800917_A_C	5	44800917	0.2568	0.06095	2.22215655563359e-08	44.800917
5_44767659_T_C	5	44767659	0.07704	0.3985	2.17726298780469e-08	44.767659
5_44853593_G_C	5	44853593	0.01562	0.0006955	2.16823260566728e-08	44.853593
5_44840147_C_T	5	44840147	0.8167	0.8289	2.15724511185566e-08	44.840147
5_44824702_A_G	5	44824702	0.8825	0.8289	2.07952445248528e-08	44.824702
5_44796979_C_T	5	44796979	0.5788	0.7299	2.0772565798519e-08	44.796979
5_44834520_A_G	5	44834520	0.08354	0.2767	2.06334762988706e-08	44.83452
5_44888557_C_G	5	44888557	0.9313	0.8676	1.83789986232148e-08	44.888557
5_44803546_A_G	5	44803546	0.4642	0.6525	1.83508719238178e-08	44.803546
5_44863729_T_G	5	44863729	0.7953	0.8676	1.82090152144037e-08	44.863729
5_44843590_C_T	5	44843590	0.8127	0.8289	1.75469751472355e-08	44.84359
5_44892902_C_A	5	44892902	0.9798	0.8676	1.67861098746458e-08	44.892902
5_44797846_T_A	5	44797846	0.846	0.8289	1.67788254276169e-08	44.797846
5_44837772_G_A	5	44837772	0.06103	0.2767	1.66718613532569e-08	44.837772
5_44777878_G_A	5	44777878	0.6566	0.9497	1.60853336296245e-08	44.777878
5_44785763_A_C	5	44785763	0.8628	0.8533	1.60238945320605e-08	44.785763
5_44743247_A_G	5	44743247	0.6483	0.9856	1.57274955049348e-08	44.743247
5_44905186_G_T	5	44905186	0.09458	0.3627	1.46813446993408e-08	44.905186
5_44843494_C_T	5	44843494	0.8137	0.8289	1.25916913403051e-08	44.843494
5_44800088_G_A	5	44800088	0.08317	0.3985	1.25785387082086e-08	44.800088
5_44834791_T_C	5	44834791	0.822	0.8289	1.07248478033307e-08	44.834791
5_44742337_G_A	5	44742337	0.125	0.4557	1.03281690902357e-08	44.742337
5_44768752_C_A	5	44768752	0.3324	0.2767	9.68822257781653e-09	44.768752
5_44904030_A_G	5	44904030	0.9374	0.8923	9.58177849283912e-09	44.90403
5_44891014_T_G	5	44891014	0.9623	0.8676	9.48462187414589e-09	44.891014
5_44857988_C_T	5	44857988	0.8058	0.8676	8.7285159418239e-09	44.857988
5_44901894_A_C	5	44901894	0.6048	0.3647	8.02322082575958e-09	44.901894
5_44725897_C_T	5	44725897	0.1268	0.4557	7.7835619347964e-09	44.725897
5_44885240_A_T	5	44885240	0.9956	0.8676	4.60178707512864e-09	44.88524
5_44796062_T_C	5	44796062	0.8444	0.8289	4.38924077533051e-09	44.796062
5_44806737_T_G	5	44806737	0.8309	0.8289	4.1084755266963e-09	44.806737
5_44729897_C_T	5	44729897	0.08902	0.4557	3.71894829269075e-09	44.729897
5_44891053_G_T	5	44891053	0.1271	0.3627	3.57906313328337e-09	44.891053
5_44728480_T_C	5	44728480	0.6713	0.177	2.96947331570763e-09	44.72848
5_44809369_C_T	5	44809369	0.9336	0.7135	2.16651200320765e-09	44.809369
5_44905086_T_C	5	44905086	0.5997	0.9526	2.12583386455712e-09	44.905086
5_44834702_G_A	5	44834702	0.7135	0.9716	1.91457829434545e-09	44.834702
5_44826436_G_A	5	44826436	0.8774	0.8289	1.89307392325627e-09	44.826436
5_44827292_G_T	5	44827292	0.7172	0.9716	1.87822359926091e-09	44.827292
5_44891620_T_C	5	44891620	0.9623	0.8897	1.87614059966946e-09	44.89162
5_44823134_T_C	5	44823134	0.7132	0.9716	1.85964909124703e-09	44.823134
5_44848822_C_T	5	44848822	0.8305	0.8805	1.85261926276484e-09	44.848822
5_44828681_A_C	5	44828681	0.8144	0.8289	1.84445632355465e-09	44.828681
5_44804525_C_T	5	44804525	0.831	0.8289	1.8432613219092e-09	44.804525
5_44777316_T_A	5	44777316	0.0791	0.4557	1.84033419129229e-09	44.777316
5_44785791_C_T	5	44785791	0.8626	0.8533	1.83955396787521e-09	44.785791
5_44884094_G_A	5	44884094	0.0006162	0.3697	1.81909895744059e-09	44.884094
5_44780403_A_T	5	44780403	0.7002	0.958	1.81369462955601e-09	44.780403
5_44785864_A_G	5	44785864	0.8627	0.8533	1.81349351585859e-09	44.785864
5_44803784_C_T	5	44803784	0.8853	0.8289	1.81157581383849e-09	44.803784
5_44786696_C_T	5	44786696	0.8554	0.8289	1.7962165622412e-09	44.786696
5_44890760_G_A	5	44890760	0.989	0.8676	1.79554692799215e-09	44.89076
5_44828964_G_C	5	44828964	0.7169	0.8831	1.79538065717858e-09	44.828964
5_44883536_C_T	5	44883536	0.9789	0.8676	1.79495298371485e-09	44.883536
5_44809945_G_C	5	44809945	0.8251	0.8289	1.79495298371485e-09	44.809945
5_44718509_G_A	5	44718509	0.4601	0.7319	1.79461608195341e-09	44.718509
5_44895588_G_A	5	44895588	0.9623	0.8676	1.78852181407141e-09	44.895588
5_44776604_C_G	5	44776604	0.3791	0.9462	1.78796325599566e-09	44.776604
5_44816452_G_A	5	44816452	4.428e-07	0.0001228	1.77279075336167e-09	44.816452
5_44877691_T_C	5	44877691	0.098	0.3627	1.76879203531045e-09	44.877691
5_44823367_C_T	5	44823367	0.7132	0.9716	1.76874406355741e-09	44.823367
5_44883243_T_C	5	44883243	0.9253	0.8676	1.76874406355741e-09	44.883243
5_44796285_T_C	5	44796285	0.0003553	0.4871	1.76844877211728e-09	44.796285
5_44890884_G_A	5	44890884	0.1231	0.3627	1.76791739996264e-09	44.890884
5_44892929_C_T	5	44892929	0.9933	0.8676	1.76642788822564e-09	44.892929
5_44739493_C_T	5	44739493	0.1253	0.4557	1.75914820379204e-09	44.739493
5_44789245_G_A	5	44789245	0.0659	0.9269	1.75030326485819e-09	44.789245
5_44789974_G_A	5	44789974	0.0008432	0.8347	1.74792628332966e-09	44.789974
5_44820769_G_T	5	44820769	3.577e-06	0.3979	1.72964756205354e-09	44.820769
5_44910662_G_A	5	44910662	0.9721	0.883	1.72950178592685e-09	44.910662
5_44895091_G_A	5	44895091	0.9671	0.8676	1.72892197144359e-09	44.895091
5_44806448_T_C	5	44806448	0.7366	0.846	1.7286142378663e-09	44.806448
5_44834263_G_A	5	44834263	0.0003741	0.3697	1.72858130717123e-09	44.834263
5_44866162_T_C	5	44866162	0.8629	0.8676	1.72791660156113e-09	44.866162
5_44863317_C_T	5	44863317	0.7897	0.8676	1.72788670705771e-09	44.863317
5_44837010_A_T	5	44837010	0.7186	0.9565	1.72756740915957e-09	44.83701
5_44908703_G_A	5	44908703	0.9523	0.8923	1.72746863852403e-09	44.908703
5_44855716_T_C	5	44855716	0.8322	0.7363	1.72728973820975e-09	44.855716
5_44780630_C_T	5	44780630	0.3281	0.5754	1.72634343671131e-09	44.78063
5_44872353_T_A	5	44872353	0.6371	0.2934	1.72591972836046e-09	44.872353
5_44811508_A_G	5	44811508	0.0864	0.2767	1.7258237774653e-09	44.811508
5_44797770_G_A	5	44797770	0.6693	0.9362	1.72576172338373e-09	44.79777
5_44874692_G_C	5	44874692	0.1077	0.3627	1.72557902769471e-09	44.874692
5_44892315_C_T	5	44892315	0.3277	0.2661	1.72557902769471e-09	44.892315
5_44812566_C_T	5	44812566	0.8206	0.8289	1.72556513672971e-09	44.812566
5_44717289_A_C	5	44717289	0.2913	0.4557	1.72523710860049e-09	44.717289
5_44858672_T_C	5	44858672	0.09538	0.4978	1.72510157757048e-09	44.858672
5_44846844_A_C	5	44846844	0.7958	0.854	1.72500593836618e-09	44.846844
5_44728680_A_G	5	44728680	0.1382	0.4557	1.72499116063573e-09	44.72868
5_44808164_T_C	5	44808164	0.829	0.8289	1.72482887328768e-09	44.808164
5_44872007_C_T	5	44872007	0.927	0.668	1.7244874802059e-09	44.872007
5_44787723_C_T	5	44787723	0.7006	0.9716	1.72436128892576e-09	44.787723
5_44743855_T_C	5	44743855	0.1174	0.4557	1.72368230318082e-09	44.743855
5_44857028_A_G	5	44857028	0.8104	0.8676	1.72277215983147e-09	44.857028
5_44869795_T_C	5	44869795	0.966	0.7135	1.72265058801256e-09	44.869795
5_44903891_T_C	5	44903891	0.9317	0.8923	1.72247322187277e-09	44.903891
5_44898129_G_T	5	44898129	0.9281	0.8676	1.72228944837226e-09	44.898129
5_44796290_G_A	5	44796290	0.8472	0.8289	1.72170352902603e-09	44.79629
5_44776556_A_G	5	44776556	0.1024	0.3985	1.72168155710589e-09	44.776556
5_44903376_C_T	5	44903376	0.9674	0.8923	1.72163743430566e-09	44.903376
5_44833874_A_G	5	44833874	0.08705	0.2767	1.72094662407023e-09	44.833874
5_44847992_T_A	5	44847992	0.8059	0.854	1.72075182469337e-09	44.847992
5_44783838_G_A	5	44783838	0.8606	0.8289	1.72049996949869e-09	44.783838
5_44822458_G_A	5	44822458	0.005871	0.4334	1.71992947069748e-09	44.822458
5_44889423_T_C	5	44889423	0.6653	0.9122	1.71947954916785e-09	44.889423
5_44858260_T_G	5	44858260	0.703	0.9855	1.71935437803273e-09	44.85826
5_44865986_C_T	5	44865986	0.9141	0.8676	1.71932372144156e-09	44.865986
5_44892801_T_G	5	44892801	0.9914	0.8676	1.71861818008793e-09	44.892801
5_44802928_A_T	5	44802928	0.8439	0.3018	1.71851294568795e-09	44.802928
5_44790567_A_G	5	44790567	0.7001	0.9716	1.71836718489067e-09	44.790567
5_44856451_T_G	5	44856451	0.6988	0.9855	1.7180165498112e-09	44.856451
5_44844452_T_C	5	44844452	0.7179	0.917	1.71760302498029e-09	44.844452
5_44814004_G_A	5	44814004	0.8236	0.8289	1.71746062499184e-09	44.814004
5_44782036_C_T	5	44782036	0.0336	0.132	1.71674501528364e-09	44.782036
5_44722000_T_A	5	44722000	0.1139	0.2767	1.71674501528364e-09	44.722
5_44866902_A_G	5	44866902	0.9263	0.0625	1.71674501528364e-09	44.866902
5_44795797_G_A	5	44795797	0.4492	0.5977	1.71670584161584e-09	44.795797
5_44842260_G_A	5	44842260	0.8068	0.8289	1.71665892922612e-09	44.84226
5_44875005_A_C	5	44875005	0.005291	0.311	1.71661204757577e-09	44.875005
5_44822617_G_A	5	44822617	0.8745	0.8289	1.71649176637394e-09	44.822617
5_44850526_C_G	5	44850526	0.06875	0.3627	1.71592128433488e-09	44.850526
5_44839822_G_A	5	44839822	0.8101	0.8289	1.71572712927366e-09	44.839822
5_44782295_T_C	5	44782295	0.8586	0.8289	1.71539841694377e-09	44.782295
5_44820850_G_C	5	44820850	0.6986	0.9716	1.71531458611222e-09	44.82085
5_44825328_C_G	5	44825328	0.1036	0.3985	1.71462876008051e-09	44.825328
5_44872172_G_A	5	44872172	0.9308	0.668	1.71414503753809e-09	44.872172
5_44809446_G_C	5	44809446	0.7082	0.08676	1.71357595750798e-09	44.809446
5_44736910_G_A	5	44736910	0.08658	0.4557	1.71339719996741e-09	44.73691
5_44728767_G_A	5	44728767	0.1249	0.2767	1.71296062238144e-09	44.728767
5_44862884_G_T	5	44862884	0.7959	0.8676	1.71273887530626e-09	44.862884
5_44783358_G_A	5	44783358	0.8595	0.8289	1.71263004320234e-09	44.783358
5_44747140_G_T	5	44747140	0.1186	0.2767	1.71225369483813e-09	44.74714
5_44770345_C_T	5	44770345	0.9119	0.8852	1.71216185456374e-09	44.770345
5_44718764_A_G	5	44718764	0.9232	0.3545	1.71121484477049e-09	44.718764
5_44886432_G_A	5	44886432	0.992	0.668	1.7107086189132e-09	44.886432
5_44803749_G_A	5	44803749	0.8448	0.8289	1.71064851580755e-09	44.803749
5_44855739_T_C	5	44855739	0.8321	0.7363	1.71047744964548e-09	44.855739
5_44871657_C_T	5	44871657	0.6366	0.8154	1.70996713041342e-09	44.871657
5_44774251_A_G	5	44774251	0.5351	0.9427	1.70967143612434e-09	44.774251
5_44731817_T_C	5	44731817	0.1227	0.2767	1.70946112333728e-09	44.731817
5_44822283_A_T	5	44822283	0.8255	0.8289	1.70842407091309e-09	44.822283
5_44798609_C_T	5	44798609	0.8407	0.8289	1.70772393369355e-09	44.798609
5_44853352_A_G	5	44853352	0.8072	0.854	1.70611815178691e-09	44.853352
5_44865854_T_C	5	44865854	0.6384	0.8676	1.70607861310753e-09	44.865854
5_44900447_A_C	5	44900447	0.9259	0.8676	1.70576336490244e-09	44.900447
5_44743641_T_A	5	44743641	0.08392	0.4557	1.70490614465721e-09	44.743641
5_44762116_C_T	5	44762116	0.07817	0.4557	1.70486751801942e-09	44.762116
5_44900954_T_A	5	44900954	0.9257	0.8676	1.70452119840417e-09	44.900954
5_44897836_T_C	5	44897836	0.6801	0.9778	1.70410114240299e-09	44.897836
5_44870237_A_T	5	44870237	0.9262	0.668	1.70203582408838e-09	44.870237
5_44884241_T_C	5	44884241	0.915	0.8191	1.70087635709626e-09	44.884241
5_44751744_T_C	5	44751744	0.1777	0.1841	1.70041292936959e-09	44.751744
5_44763508_C_T	5	44763508	0.1104	0.2767	1.69957120563181e-09	44.763508
5_44834721_G_C	5	44834721	0.8159	0.8289	1.69909627646734e-09	44.834721
5_44890056_A_G	5	44890056	0.9604	0.8676	1.69814070293511e-09	44.890056
5_44821679_G_A	5	44821679	0.8272	0.8289	1.6979152013859e-09	44.821679
5_44832972_G_C	5	44832972	0.1994	0.1455	1.69615196662371e-09	44.832972
5_44904027_G_C	5	44904027	0.1132	0.3627	1.69529264612423e-09	44.904027
5_44723641_C_T	5	44723641	0.08538	0.4557	1.69366245258468e-09	44.723641
5_44870879_G_A	5	44870879	0.6487	0.7364	1.69362523835475e-09	44.870879
5_44805926_A_G	5	44805926	0.7088	0.9716	1.6935880531258e-09	44.805926
5_44836556_A_C	5	44836556	0.8251	0.8289	1.69339418964708e-09	44.836556
5_44746424_C_A	5	44746424	0.08374	0.4557	1.69164751671993e-09	44.746424
5_44804052_T_C	5	44804052	0.8311	0.8289	1.69062061811652e-09	44.804052
5_44729621_G_A	5	44729621	0.1316	0.4557	1.69006138351256e-09	44.729621
5_44759074_A_G	5	44759074	0.9491	0.7135	1.68702770585188e-09	44.759074
5_44718520_G_T	5	44718520	0.1298	0.4557	1.68392665564822e-09	44.71852
5_44908458_G_A	5	44908458	0.219	0.1589	1.67479027289948e-09	44.908458
5_44901349_A_G	5	44901349	0.0008519	0.3697	1.67241376865081e-09	44.901349
5_44810740_T_C	5	44810740	0.8835	0.8289	1.67233515871263e-09	44.81074
5_44831194_T_A	5	44831194	0.08303	0.2767	1.67229601523676e-09	44.831194
5_44875449_A_G	5	44875449	0.3114	0.003545	1.67187253735366e-09	44.875449
5_44834233_G_A	5	44834233	0.8154	0.8289	1.67127977276483e-09	44.834233
5_44841457_T_A	5	44841457	0.9101	0.05561	1.67124363674822e-09	44.841457
5_44871379_A_T	5	44871379	7.663e-07	0.0001595	1.67113587165039e-09	44.871379
5_44819646_T_G	5	44819646	0.8228	0.86	1.66833335498546e-09	44.819646
5_44908199_C_T	5	44908199	0.9937	0.8923	1.66816876393073e-09	44.908199
5_44858741_C_T	5	44858741	0.8122	0.8676	1.66714138428999e-09	44.858741
5_44798112_C_T	5	44798112	0.6231	0.8289	1.666949107341e-09	44.798112
5_44789172_T_C	5	44789172	0.7008	0.9716	1.666949107341e-09	44.789172
5_44846378_A_G	5	44846378	0.845	0.854	1.66650565531701e-09	44.846378
5_44832226_C_T	5	44832226	0.8168	0.9004	1.66650565531701e-09	44.832226
5_44791791_G_A	5	44791791	0.8514	0.8289	1.6656725729313e-09	44.791791
5_44895199_T_C	5	44895199	0.9671	0.8676	1.66562400647949e-09	44.895199
5_44881978_G_A	5	44881978	0.9515	0.8676	1.66553805314257e-09	44.881978
5_44913079_T_G	5	44913079	0.965	0.8626	1.66511635386809e-09	44.913079
5_44767085_T_C	5	44767085	0.1078	0.3985	1.66509191290946e-09	44.767085
5_44908935_T_C	5	44908935	0.959	0.8923	1.66509191290946e-09	44.908935
5_44881504_C_T	5	44881504	0.9992	0.8676	1.66461102819449e-09	44.881504
5_44859172_C_G	5	44859172	0.7988	0.8676	1.66411685605771e-09	44.859172
5_44828203_G_A	5	44828203	0.8702	0.8289	1.66353552872089e-09	44.828203
5_44837129_C_T	5	44837129	0.8648	0.814	1.66347416623522e-09	44.837129
5_44717650_A_T	5	44717650	0.08885	0.4557	1.66343624780114e-09	44.71765
5_44823321_A_G	5	44823321	0.3566	0.8433	1.66304265932856e-09	44.823321
5_44741699_T_C	5	44741699	0.1191	0.4557	1.66259996993038e-09	44.741699
5_44783581_A_T	5	44783581	6.554e-07	0.0001228	1.66145887130033e-09	44.783581
5_44733695_A_G	5	44733695	0.08801	0.4557	1.66089402903557e-09	44.733695
5_44858451_G_A	5	44858451	0.7028	0.9855	1.66046198140804e-09	44.858451
5_44876288_T_C	5	44876288	0.6364	0.7796	1.66011866448019e-09	44.876288
5_44716452_C_T	5	44716452	0.1321	0.4557	1.65923757736641e-09	44.716452
5_44728026_G_T	5	44728026	0.1254	0.4557	1.65760483351506e-09	44.728026
5_44912853_C_T	5	44912853	0.9683	0.8923	1.65627489947991e-09	44.912853
5_44721337_C_T	5	44721337	0.1274	0.4557	1.65539367031799e-09	44.721337
5_44858008_G_A	5	44858008	0.06662	0.3627	1.64221361763521e-09	44.858008
